-2.144408226013183594e-02,-1.178038269281387329e-01,-1.068984940648078918e-01,3.618858754634857178e-02,2.830829180311411619e-04,1.547890454530715942e-01,2.210284769535064697e-02,6.979613006114959717e-02,-9.466901421546936035e-02,5.363203585147857666e-02,-1.601744890213012695e-01,5.432086065411567688e-02,-2.677670419216156006e-01,-3.442687541246414185e-02,-1.418183790519833565e-03,-1.190508995205163956e-02,4.629631713032722473e-02,-7.747018337249755859e-02,-6.499384343624114990e-02,6.107858940958976746e-02,-1.311136633157730103e-01,-1.527107208967208862e-01,-2.426679804921150208e-02,-5.286249518394470215e-02,-1.424528956413269043e-01,1.362111270427703857e-01,9.501727670431137085e-02,-2.328520454466342926e-02,-1.365703344345092773e-01,-3.716719895601272583e-02,1.321395160630345345e-03,1.806011945009231567e-01,9.860456734895706177e-02,3.645684570074081421e-02,-4.177300631999969482e-02,7.695942372083663940e-02,2.253170497715473175e-02,2.508204430341720581e-02,-3.474653884768486023e-02,1.761036813259124756e-01,-1.616486161947250366e-01,1.772956550121307373e-01,-1.320028007030487061e-01,1.319803148508071899e-01,-1.781124435365200043e-02,9.242212027311325073e-02,-1.066555231809616089e-01,-3.532366082072257996e-02,1.229013204574584961e-01,-2.453734911978244781e-02,4.425626620650291443e-02,6.525825243443250656e-03,8.659273386001586914e-03,9.337576478719711304e-02,-1.662976741790771484e-01,3.813669830560684204e-02,-2.137812674045562744e-01,7.097045332193374634e-02,-1.135750189423561096e-01,5.548724904656410217e-02,-2.205088548362255096e-02,-1.684335619211196899e-01,3.366436064243316650e-02,-7.765617221593856812e-02,-1.103383488953113556e-02,-4.966427385807037354e-02,1.851485110819339752e-02,2.754214778542518616e-02,-6.290599703788757324e-02,4.477655887603759766e-02,-1.124155148863792419e-01,-5.924060195684432983e-02,3.913558647036552429e-02,3.336568176746368408e-02,1.124043688178062439e-01,3.492637723684310913e-02,-9.785609692335128784e-02,-7.929221540689468384e-02,8.686933666467666626e-02,8.756331354379653931e-02,4.787136334925889969e-03,6.503944098949432373e-02,7.928803563117980957e-02,1.053751260042190552e-02,7.904725521802902222e-02,2.203141711652278900e-02,1.803894639015197754e-01,-7.002311199903488159e-02,4.389282315969467163e-02,-3.516314178705215454e-02,-1.738210916519165039e-01,-5.185157060623168945e-02,1.403907388448715210e-01,-9.714736789464950562e-02,-1.091031134128570557e-01,2.046129852533340454e-01,-1.187851205468177795e-01,-2.163865566253662109e-01,3.375364467501640320e-02,-1.164182871580123901e-01,1.004218384623527527e-01,1.147372722625732422e-01,1.974084824323654175e-01,-8.182658255100250244e-02,8.885709196329116821e-02,2.813948877155780792e-02,-3.436876833438873291e-02,6.251469999551773071e-02,-6.110273674130439758e-02,-4.133998230099678040e-02,-1.184803899377584457e-02,1.069916263222694397e-01,-5.751064792275428772e-02,-1.709348559379577637e-01,-7.584917545318603516e-02,-2.423164993524551392e-02,-4.825858771800994873e-02,1.903892308473587036e-01,8.031295612454414368e-03,1.568202078342437744e-01,1.396713852882385254e-01,2.443107217550277710e-01,2.389651536941528320e-01,1.733732819557189941e-01,5.429904442280530930e-03,2.784773334860801697e-02,-8.114760369062423706e-02,5.948781222105026245e-02,-1.834842190146446228e-02,-5.649759992957115173e-02,7.108972966670989990e-02,-1.667196452617645264e-01,1.198314875364303589e-01,5.441411584615707397e-02,1.033090800046920776e-01,-1.336219310760498047e-01,2.296088449656963348e-02,1.693640500307083130e-01,-2.025523930788040161e-01,-6.872440222650766373e-03,-2.222663164138793945e-02,-1.770753227174282074e-02,1.438170671463012695e-01,6.714680790901184082e-02,-1.436013877391815186e-01,-2.127141505479812622e-01,3.264822065830230713e-03,-1.253446936607360840e-01,6.189269945025444031e-02,8.858332782983779907e-02,8.108243346214294434e-02,1.240064874291419983e-01,2.471604943275451660e-01,-4.656685516238212585e-02,-3.477645814418792725e-01,1.990679651498794556e-01,-5.218331143260002136e-02,-2.294439077377319336e-02,6.724256277084350586e-02,2.486559934914112091e-02,1.391924619674682617e-01,3.879489749670028687e-02,7.268375717103481293e-03,-4.864732176065444946e-02,2.014384269714355469e-01,-3.268854320049285889e-02,6.531828641891479492e-02,-1.470325291156768799e-01,1.371303759515285492e-02,3.621922060847282410e-02,4.544138535857200623e-02,7.904811203479766846e-02,-1.785054951906204224e-01,9.457176178693771362e-02,-4.071826406288892031e-04,-1.090480908751487732e-01,1.803008913993835449e-01,-2.113288491964340210e-01,1.950976401567459106e-01,-4.604177922010421753e-02,-5.141738429665565491e-02,-8.365759253501892090e-02,-1.353897899389266968e-01,-4.948126897215843201e-02,2.950063906610012054e-02,7.367407530546188354e-02,1.099074557423591614e-01,-1.676193326711654663e-01,-1.009134426712989807e-01,9.143577516078948975e-02,2.074421010911464691e-02,5.828584730625152588e-02,-2.741898894309997559e-01,5.010582972317934036e-03,9.783572703599929810e-02,2.427357286214828491e-01,-1.000075638294219971e-01,-1.404455602169036865e-01,1.332335267215967178e-02,-1.252419948577880859e-01,1.578959375619888306e-01,-2.602894008159637451e-01,1.141680255532264709e-01,-3.749202489852905273e-01,-7.322975993156433105e-02,-3.505854681134223938e-02,-1.732315681874752045e-02,-2.920922935009002686e-01,-1.473238468170166016e-01,1.040448434650897980e-03,2.920877635478973389e-01,1.346544325351715088e-01,-9.302392601966857910e-02,-1.868513673543930054e-01,7.511022686958312988e-02,-1.504257768392562866e-01,6.373985111713409424e-02,2.213155664503574371e-02,1.319347023963928223e-01,-4.965938627719879150e-01,2.032907679677009583e-02,9.374769777059555054e-02,6.325162947177886963e-02,-2.131911069154739380e-01,2.145220339298248291e-01,2.159501314163208008e-01,4.543026983737945557e-01,-2.602333724498748779e-01,-6.897414475679397583e-02,-2.369903773069381714e-01,-1.267009824514389038e-01,-1.906624585390090942e-01,7.675688713788986206e-02,-1.372477412223815918e-01,3.714469075202941895e-01,-5.562566518783569336e-01,1.485017836093902588e-01,1.407137326896190643e-02,-1.253346204757690430e-01,6.878273934125900269e-02,2.537445724010467529e-01,1.770980358123779297e-01,-3.311027288436889648e-01,-3.264991939067840576e-01,-1.414160579442977905e-01,-5.248716101050376892e-02,-1.752010285854339600e-01,-2.148614376783370972e-01,-2.447767853736877441e-01,-1.761500686407089233e-01,7.982914894819259644e-02,-4.183520972728729248e-01,3.774200752377510071e-02,-3.475078567862510681e-02,-2.256589382886886597e-01,9.813088178634643555e-02
-1.665773093700408936e-01,1.348230242729187012e-01,-2.408314347267150879e-01,6.836235988885164261e-04,6.478481739759445190e-02,-2.411781549453735352e-01,6.031218171119689941e-02,-1.276187300682067871e-01,2.094398289918899536e-01,-4.017949104309082031e-01,-4.403169825673103333e-02,-1.265058815479278564e-01,9.032047539949417114e-02,-1.883891522884368896e-01,5.328113213181495667e-02,-6.822705268859863281e-02,1.625612229108810425e-01,5.081421136856079102e-02,-3.265267238020896912e-02,2.609386667609214783e-02,3.633020445704460144e-02,-6.216412410140037537e-03,2.124046534299850464e-01,-6.240522861480712891e-02,-2.399627417325973511e-01,4.008495435118675232e-02,-5.726943165063858032e-02,1.228080987930297852e-01,-2.390170283615589142e-02,5.889564380049705505e-02,-9.312094002962112427e-02,1.340203285217285156e-01,-1.711915731430053711e-01,3.246653676033020020e-01,6.748300045728683472e-02,1.261928677558898926e-01,1.748875081539154053e-01,1.499474197626113892e-01,2.092104256153106689e-01,-7.826075889170169830e-03,1.891797780990600586e-01,-7.540518790483474731e-02,-1.500819623470306396e-01,2.267160862684249878e-01,-2.999988198280334473e-01,2.259743809700012207e-01,-3.482585772871971130e-02,8.094906061887741089e-02,-1.381361633539199829e-01,1.067439317703247070e-01,9.992855787277221680e-02,-2.129420787096023560e-01,3.536259755492210388e-02,4.755910485982894897e-02,3.124868869781494141e-02,1.411202400922775269e-01,1.414242237806320190e-01,3.565543796867132187e-03,-4.365584626793861389e-02,7.844979315996170044e-02,4.674086719751358032e-02,-1.871127933263778687e-01,-2.305079624056816101e-02,6.400835514068603516e-02,1.558344215154647827e-01,-1.120388135313987732e-01,-1.766748726367950439e-01,-1.533512026071548462e-01,9.242893010377883911e-02,-1.269668340682983398e-01,8.335524797439575195e-02,-1.361778378486633301e-01,-1.414698809385299683e-01,-4.972153156995773315e-02,9.671295993030071259e-03,-1.410021334886550903e-01,4.243632778525352478e-02,7.386487722396850586e-02,-7.201258093118667603e-02,2.598945610225200653e-02,2.987732924520969391e-02,4.433072358369827271e-02,-1.621854603290557861e-01,-1.449994295835494995e-01,-3.081996738910675049e-02,-2.292538434267044067e-01,-1.139029935002326965e-01,-3.773175552487373352e-02,4.600004479289054871e-02,-1.894280128180980682e-02,1.595777831971645355e-02,-1.430767215788364410e-02,-4.479961693286895752e-01,3.216214850544929504e-02,-3.531040549278259277e-01,-2.502978146076202393e-01,-1.044901460409164429e-01,1.039057821035385132e-01,2.343677282333374023e-01,1.682282835245132446e-01,-7.115215528756380081e-03,-3.475486487150192261e-02,-8.239289745688438416e-03,1.405097842216491699e-01,-1.519407033920288086e-01,8.181741088628768921e-02,-7.523702830076217651e-02,-3.927513957023620605e-02,-1.904751658439636230e-01,7.330222427845001221e-02,2.948602288961410522e-02,-1.931004822254180908e-01,-1.051869466900825500e-01,4.088756069540977478e-02,-1.482461541891098022e-01,-4.819602146744728088e-02,-3.863206505775451660e-02,-1.359459664672613144e-02,-8.962070941925048828e-02,1.096197664737701416e-01,4.355162009596824646e-02,3.935452923178672791e-02,1.039651855826377869e-01,-1.840296238660812378e-01,5.931499227881431580e-02,-3.975983336567878723e-02,9.719765186309814453e-02,7.635565102100372314e-02,4.022736847400665283e-02,-1.601948738098144531e-01,2.990028448402881622e-02,5.302406381815671921e-03,1.346602588891983032e-01,-7.373320311307907104e-02,7.750241458415985107e-02,1.016628891229629517e-01,-1.072042137384414673e-01,-2.722714543342590332e-01,-1.534249931573867798e-01,1.780010610818862915e-01,8.435359597206115723e-02,6.243352312594652176e-03,-1.311891078948974609e-01,6.826047599315643311e-02,-1.673534363508224487e-01,-4.983725398778915405e-02,-1.511717960238456726e-02,-2.071329355239868164e-01,-1.476043276488780975e-02,-9.223657101392745972e-02,4.065883345901966095e-03,3.108199872076511383e-02,-3.966154158115386963e-01,9.114648401737213135e-02,-1.509151458740234375e-01,8.595673739910125732e-02,-7.163131237030029297e-02,2.155782282352447510e-01,-1.929810084402561188e-02,1.187239661812782288e-01,-1.881027370691299438e-01,-3.827938064932823181e-02,1.066064015030860901e-01,2.036407031118869781e-02,1.248989030718803406e-01,9.573108702898025513e-02,-7.156576216220855713e-02,1.086884513497352600e-01,4.847432672977447510e-02,1.192369163036346436e-01,-1.728294044733047485e-01,-1.369539797306060791e-01,1.741177290678024292e-01,3.845204412937164307e-02,2.032300531864166260e-01,6.843370944261550903e-02,-1.212945654988288879e-01,1.999812722206115723e-01,-5.686601251363754272e-02,-1.198136899620294571e-02,-7.289091497659683228e-02,1.624487638473510742e-01,-1.553156077861785889e-01,4.321844130754470825e-02,1.007510721683502197e-01,7.134684920310974121e-02,8.736958354711532593e-02,-1.256131231784820557e-01,-8.471952378749847412e-02,-4.621413722634315491e-02,4.616764932870864868e-02,9.709007292985916138e-02,-8.299783617258071899e-02,-1.321038603782653809e-01,-6.427016109228134155e-02,-2.641292512416839600e-01,1.462993025779724121e-01,-1.064463704824447632e-01,-8.397815749049186707e-03,-4.438962414860725403e-02,-1.476899441331624985e-02,-9.327267110347747803e-02,-3.051608502864837646e-01,2.468769671395421028e-03,-4.748611897230148315e-02,-1.750357002019882202e-01,3.981394693255424500e-02,4.638233780860900879e-02,-1.846937090158462524e-01,-6.287342309951782227e-02,-1.430389937013387680e-03,-4.936591535806655884e-02,3.106333082541823387e-03,2.720033228397369385e-01,1.547398865222930908e-01,6.487949192523956299e-02,-9.695993363857269287e-02,-6.614330410957336426e-02,-4.032012447714805603e-02,2.129714004695415497e-02,-4.034925997257232666e-01,4.152389988303184509e-02,-2.043322175741195679e-01,2.493293955922126770e-02,-1.854496002197265625e-01,-9.499989449977874756e-02,-2.787518799304962158e-01,2.242432534694671631e-01,-2.516011893749237061e-01,1.305021494626998901e-01,-1.166473403573036194e-01,7.119371742010116577e-02,-8.017038553953170776e-02,8.590476959943771362e-02,1.481538116931915283e-01,-9.758071601390838623e-02,1.873610168695449829e-01,7.254625856876373291e-02,-3.883626684546470642e-02,-1.185030415654182434e-01,-6.897744536399841309e-02,8.052583783864974976e-03,1.499622911214828491e-01,1.904110610485076904e-01,-1.696580052375793457e-01,2.005073130130767822e-01,1.345438044518232346e-02,7.137686014175415039e-02,2.152371704578399658e-01,-4.440304264426231384e-02,-9.707948565483093262e-02,-4.112247005105018616e-02,1.110364198684692383e-01,-1.661065816879272461e-01,-1.749205440282821655e-01,2.111448720097541809e-02
5.361051857471466064e-02,2.276733666658401489e-01,-2.043069573119282722e-03,1.347402483224868774e-01,2.751360880210995674e-03,-1.437185853719711304e-01,-4.670320451259613037e-02,-2.155325859785079956e-01,-8.112370967864990234e-02,-6.441840529441833496e-02,-1.538341119885444641e-02,-9.756183624267578125e-02,-1.237055286765098572e-03,1.907784640789031982e-01,7.892991602420806885e-02,1.167030483484268188e-01,1.294957995414733887e-01,2.138419747352600098e-01,-5.840447545051574707e-02,-7.160787284374237061e-02,9.222292155027389526e-02,-1.948961317539215088e-01,-1.520690619945526123e-01,-1.817174106836318970e-01,3.062876174226403236e-03,-2.899578213691711426e-01,-1.789656132459640503e-01,7.038469612598419189e-02,-2.016952335834503174e-01,4.538556560873985291e-02,-5.708295106887817383e-02,-5.091568082571029663e-02,1.838950067758560181e-02,1.512625515460968018e-01,-5.444989539682865143e-03,-8.158767968416213989e-02,-1.298204213380813599e-01,-3.304217755794525146e-01,-4.834499582648277283e-02,1.950391381978988647e-02,4.405275359749794006e-02,-2.310363054275512695e-01,-2.370079308748245239e-01,6.659826636314392090e-02,-7.987519353628158569e-02,4.578559100627899170e-02,4.380695521831512451e-02,-4.847718030214309692e-02,-7.302280515432357788e-03,1.623105704784393311e-01,-1.791582703590393066e-01,7.663699239492416382e-02,-4.234965145587921143e-02,-2.711454629898071289e-01,2.436679601669311523e-01,9.919966012239456177e-02,-1.049615219235420227e-01,-2.689280807971954346e-01,-1.895636171102523804e-01,-1.363192871212959290e-02,-1.679361462593078613e-01,3.083280026912689209e-01,5.637006834149360657e-02,3.204888198524713516e-04,-3.555774688720703125e-02,4.232556559145450592e-03,-6.151829659938812256e-02,-4.035929962992668152e-02,1.670412570238113403e-01,9.894043207168579102e-02,6.985578685998916626e-02,-1.607642918825149536e-01,-3.445583954453468323e-02,-2.111337520182132721e-02,8.268189430236816406e-02,-4.354491084814071655e-02,-5.932299047708511353e-02,-1.494681686162948608e-01,-1.029929444193840027e-01,3.116790577769279480e-02,-6.670369207859039307e-02,-8.944541215896606445e-02,7.035023719072341919e-02,3.207954391837120056e-02,-3.515025973320007324e-02,4.297816008329391479e-02,-1.634318679571151733e-01,-1.966266185045242310e-01,4.250328615307807922e-02,2.433943375945091248e-02,-7.888045907020568848e-02,4.485275223851203918e-02,-1.804986000061035156e-01,-7.590127736330032349e-02,-2.591685764491558075e-02,-6.146619468927383423e-02,-1.342971771955490112e-01,1.817990392446517944e-01,-9.774967283010482788e-02,-9.497490711510181427e-03,-6.641758978366851807e-02,-8.270148932933807373e-02,-8.420507609844207764e-02,-1.975596416741609573e-03,4.924931749701499939e-02,-2.240213751792907715e-02,4.176678135991096497e-02,2.107724361121654510e-02,5.644325539469718933e-02,9.420453011989593506e-02,-7.290309667587280273e-02,1.929987035691738129e-02,-3.629962801933288574e-01,-1.981407999992370605e-01,-1.342555433511734009e-01,-3.815682604908943176e-02,1.139172986149787903e-01,4.794444888830184937e-02,5.344975367188453674e-02,2.121241241693496704e-01,1.372938901185989380e-01,-1.783753484487533569e-01,-3.202277719974517822e-01,8.781863749027252197e-02,1.833887100219726562e-01,9.135460853576660156e-02,2.248546332120895386e-01,3.030130174010992050e-03,-3.631239011883735657e-02,-6.531934440135955811e-02,-1.724013090133666992e-01,-2.817583978176116943e-01,-2.771682292222976685e-02,2.330731749534606934e-01,1.999358832836151123e-01,2.019602805376052856e-02,1.147456616163253784e-01,1.938573271036148071e-01,-5.431719496846199036e-02,-1.206654123961925507e-02,5.704750120639801025e-02,-4.797255247831344604e-02,-5.453043431043624878e-02,1.423972565680742264e-02,1.725110411643981934e-01,2.138133347034454346e-02,1.959917247295379639e-01,-2.282340228557586670e-01,-1.956920474767684937e-01,-5.861406028270721436e-02,7.161322236061096191e-02,3.053634986281394958e-02,2.915497496724128723e-02,-8.794791251420974731e-02,6.134612485766410828e-03,1.116172596812248230e-01,8.742569386959075928e-02,9.992720931768417358e-02,2.216265723109245300e-02,2.893821522593498230e-02,-2.823879942297935486e-02,8.432318270206451416e-02,6.153743341565132141e-02,8.544246107339859009e-02,1.987140811979770660e-02,1.481825020164251328e-02,-1.416224092245101929e-01,-8.945038914680480957e-02,3.966005146503448486e-02,2.449215948581695557e-02,8.148223906755447388e-02,6.724666059017181396e-02,-2.696669101715087891e-02,-1.624572426080703735e-01,2.012061513960361481e-02,9.864792227745056152e-02,-2.047273963689804077e-01,-8.142129518091678619e-04,-1.029749438166618347e-01,1.704798080027103424e-02,-1.106721237301826477e-01,3.968158736824989319e-02,-1.039371713995933533e-01,1.675854250788688660e-02,-3.196903318166732788e-02,1.795363724231719971e-01,-3.435111790895462036e-02,-9.675699472427368164e-02,2.291522324085235596e-01,-2.789347767829895020e-01,-3.954567015171051025e-02,-6.321237981319427490e-02,-2.556588351726531982e-01,-2.121635973453521729e-01,-1.572108119726181030e-01,-1.093073710799217224e-01,1.011883839964866638e-01,3.083406575024127960e-02,1.157223731279373169e-01,1.425301730632781982e-01,1.864105276763439178e-02,-1.899255216121673584e-01,-1.084283888339996338e-01,1.474001258611679077e-01,-1.535480618476867676e-01,4.213063418865203857e-02,-1.851056218147277832e-01,1.923091262578964233e-01,-1.127757783979177475e-02,3.112734120804816484e-04,-1.470317393541336060e-01,-8.157299831509590149e-03,1.210794895887374878e-01,5.824566632509231567e-02,-6.465160753577947617e-03,-1.165759786963462830e-01,-1.676298975944519043e-01,1.907952427864074707e-01,-1.004855707287788391e-01,6.005476042628288269e-02,-1.205786466598510742e-01,5.231316015124320984e-02,-1.606279425323009491e-02,2.033299580216407776e-02,-9.912381321191787720e-02,5.521379038691520691e-02,-1.412842571735382080e-01,1.261446624994277954e-01,8.010434359312057495e-02,-4.126134514808654785e-02,6.962641328573226929e-02,-1.001157388091087341e-01,6.465236842632293701e-02,5.380716919898986816e-02,-4.136139526963233948e-02,4.171562939882278442e-02,-4.604895040392875671e-02,1.015367209911346436e-01,2.023479901254177094e-02,-3.722207387909293175e-03,1.443945169448852539e-01,-1.678118109703063965e-02,2.909279167652130127e-01,8.638275414705276489e-02,1.090808138251304626e-01,-2.202530205249786377e-02,-1.687767356634140015e-01,-3.012408129870891571e-02,1.080280169844627380e-01,1.175276413559913635e-01,-1.230074688792228699e-01,1.769804209470748901e-01,6.497411429882049561e-02,-1.620774269104003906e-01,1.698558628559112549e-01,-1.976276980713009834e-03
1.787472888827323914e-02,2.591766649857163429e-03,1.397243887186050415e-01,2.522013485431671143e-01,-1.010430306196212769e-01,-2.131456732749938965e-01,-2.855812311172485352e-01,-1.933873817324638367e-02,3.969975560903549194e-02,1.204254254698753357e-01,6.621953099966049194e-02,-1.606613583862781525e-02,-3.042486011981964111e-01,7.116116583347320557e-02,-2.073203399777412415e-02,7.996568828821182251e-02,1.067670881748199463e-01,-5.729192495346069336e-02,-1.070412918925285339e-01,2.227466702461242676e-01,-2.242951840162277222e-01,-8.547601103782653809e-02,-4.524041712284088135e-02,2.522252127528190613e-02,6.234037503600120544e-02,1.830791309475898743e-02,6.126944441348314285e-03,-6.970117986202239990e-02,-9.031405299901962280e-02,1.918336153030395508e-01,-6.378259509801864624e-03,5.757962539792060852e-02,-1.595670878887176514e-01,-9.187426418066024780e-02,1.043910533189773560e-01,-6.391053646802902222e-02,-3.891664743423461914e-02,9.436479210853576660e-02,6.635165214538574219e-02,-2.484375424683094025e-02,3.943886980414390564e-02,-1.333560645580291748e-01,2.073564380407333374e-02,4.832997173070907593e-02,6.838320940732955933e-02,-1.591057167388498783e-03,-2.241529077291488647e-01,1.434647142887115479e-01,-1.726821996271610260e-02,-2.735461480915546417e-02,-3.419668227434158325e-02,-2.348164655268192291e-02,-7.749646157026290894e-02,1.045913342386484146e-02,-1.644596308469772339e-01,-1.451394855976104736e-01,-8.848278969526290894e-02,1.515251249074935913e-01,-3.073123749345541000e-03,-1.901226490736007690e-01,5.943545326590538025e-02,-6.636773049831390381e-02,-1.469830274581909180e-01,-6.551400572061538696e-02,2.125619053840637207e-01,4.337495192885398865e-02,9.780305624008178711e-02,1.564749330282211304e-01,-2.425903379917144775e-01,-9.400578588247299194e-02,-3.560053184628486633e-02,2.970745973289012909e-02,-2.530230768024921417e-02,7.722077518701553345e-02,-1.434523053467273712e-02,-1.335697770118713379e-01,-2.598303603008389473e-03,3.112163394689559937e-02,-1.906652748584747314e-02,3.990807011723518372e-02,1.626262068748474121e-01,1.113567799329757690e-01,-2.505817264318466187e-02,1.165152341127395630e-01,-3.824570775032043457e-02,6.794401258230209351e-02,-9.358891844749450684e-02,-7.001871615648269653e-02,2.033905535936355591e-01,2.171193063259124756e-01,-4.825355857610702515e-02,-7.842787355184555054e-02,1.380395442247390747e-01,-1.951923221349716187e-01,-1.945088207721710205e-01,-1.610356941819190979e-02,-5.869134911336004734e-04,1.233052164316177368e-01,-2.454335428774356842e-02,1.077267751097679138e-01,7.719308137893676758e-02,4.420050978660583496e-02,9.056548587977886200e-03,-9.978859871625900269e-02,5.845283158123493195e-03,3.012962937355041504e-01,-4.123008996248245239e-02,3.660097345709800720e-02,5.753392726182937622e-02,8.704245835542678833e-02,1.806261837482452393e-01,-1.704253256320953369e-01,-9.525496279820799828e-04,2.219379991292953491e-01,-8.819967508316040039e-02,-9.057251363992691040e-02,7.582750171422958374e-02,-1.849980354309082031e-01,-1.445977836847305298e-01,-9.549078345298767090e-02,-1.674933731555938721e-01,1.998020708560943604e-01,1.061468049883842468e-01,-1.023347973823547363e-01,9.270907938480377197e-02,-2.079320698976516724e-02,1.451695412397384644e-01,-2.411351725459098816e-02,1.248863935470581055e-01,-3.136874735355377197e-02,1.403723936527967453e-02,5.407300963997840881e-02,1.159421131014823914e-01,6.635864824056625366e-02,-5.280335992574691772e-02,-1.412158161401748657e-01,9.391297586262226105e-03,2.408057749271392822e-01,-5.628939718008041382e-02,1.571442559361457825e-02,2.145981192588806152e-01,-1.091285422444343567e-01,4.813268035650253296e-02,1.658822037279605865e-02,-2.743675410747528076e-01,-1.007059067487716675e-01,-1.476204693317413330e-01,-2.185719460248947144e-01,1.537888944149017334e-01,-9.812692552804946899e-02,-1.209408789873123169e-01,-1.125055775046348572e-01,-1.299664080142974854e-01,3.726610448211431503e-03,-1.196431815624237061e-01,1.033390238881111145e-01,1.521580815315246582e-01,-5.920006707310676575e-02,7.029541581869125366e-02,-3.189857304096221924e-02,-1.160079911351203918e-01,-7.043024152517318726e-02,-5.604974180459976196e-02,-1.649202257394790649e-01,4.074000194668769836e-02,-1.680119037628173828e-01,-3.083982318639755249e-02,-1.625661998987197876e-01,4.948671907186508179e-02,7.052156329154968262e-02,-1.859902739524841309e-01,-1.895430535078048706e-01,-5.000758916139602661e-02,3.916390612721443176e-02,-1.213939562439918518e-01,-1.728570610284805298e-01,1.459105461835861206e-01,5.456836894154548645e-02,1.823138296604156494e-01,-8.655186742544174194e-03,-4.141420125961303711e-01,-1.430019289255142212e-01,-7.538257539272308350e-02,-1.234262064099311829e-01,3.742242604494094849e-02,1.312807798385620117e-01,-3.537061437964439392e-02,-2.507551014423370361e-01,5.374397151172161102e-03,-6.245866045355796814e-02,-2.038230448961257935e-01,-6.569180637598037720e-02,-3.092519380152225494e-02,-1.230611950159072876e-01,-5.959704145789146423e-02,-2.340755909681320190e-01,2.941488027572631836e-01,-3.418878838419914246e-02,-2.626824378967285156e-02,-2.724464237689971924e-02,4.865278303623199463e-02,-3.919598832726478577e-02,-2.283941954374313354e-01,-1.137798875570297241e-01,-1.557552963495254517e-01,-2.707459926605224609e-01,-9.101448580622673035e-03,5.333782359957695007e-02,-1.173833832144737244e-01,-1.281341351568698883e-02,1.244857534766197205e-01,-2.107802629470825195e-01,1.514955013990402222e-01,-1.373130735009908676e-02,1.226609721779823303e-01,-4.004930704832077026e-02,5.108524858951568604e-02,-7.981076091527938843e-02,-1.001993268728256226e-01,-7.668626960366964340e-03,-9.202828258275985718e-02,3.443681821227073669e-02,-1.202829852700233459e-01,-2.123293578624725342e-01,1.185989100486040115e-02,-2.192889750003814697e-01,3.846070766448974609e-01,-1.723161898553371429e-02,-2.892766892910003662e-02,-1.526665240526199341e-01,4.151975736021995544e-02,-4.752362892031669617e-02,1.223655790090560913e-02,-8.029598742723464966e-02,-4.038026556372642517e-02,-8.260887116193771362e-02,-1.153482794761657715e-01,8.132818341255187988e-02,4.316142201423645020e-02,-2.654026150703430176e-01,2.265249639749526978e-01,1.282346714287996292e-02,3.294677138328552246e-01,1.067905575037002563e-01,-1.215998381376266479e-01,-7.330482825636863708e-03,-1.488476395606994629e-01,1.007198393344879150e-01,-1.179651096463203430e-01,1.620925217866897583e-01,2.902470529079437256e-01,-7.701946049928665161e-02,-3.765006735920906067e-02,-2.118200808763504028e-01,-1.505922079086303711e-01,-1.157671138644218445e-01
1.482781469821929932e-01,-1.232739463448524475e-01,4.088271781802177429e-02,1.969053894281387329e-01,-3.334816694259643555e-01,-3.529375791549682617e-01,3.839705139398574829e-02,-1.478993743658065796e-01,2.744789235293865204e-02,-1.691679954528808594e-01,3.720179945230484009e-02,-2.225745022296905518e-01,-2.633324861526489258e-01,1.417079269886016846e-01,1.503675282001495361e-01,1.477856095880270004e-02,9.259699285030364990e-02,-4.378001019358634949e-02,3.864656761288642883e-02,1.104354709386825562e-01,-1.165090054273605347e-01,-6.956463307142257690e-02,-1.473242044448852539e-01,-1.196437478065490723e-01,1.740247905254364014e-01,-4.162735864520072937e-02,6.690245121717453003e-02,5.876840651035308838e-02,-1.945214271545410156e-01,1.692100614309310913e-01,1.634461134672164917e-01,-6.889832764863967896e-02,-1.073478981852531433e-01,-1.342441048473119736e-02,-1.063050404191017151e-01,3.410211764276027679e-03,-4.825494438409805298e-02,1.240196377038955688e-01,5.645345151424407959e-02,4.560115560889244080e-02,6.426826119422912598e-02,1.081944108009338379e-01,-1.362186223268508911e-01,1.708719432353973389e-01,-8.186535537242889404e-02,-2.534207515418529510e-02,-6.433957815170288086e-02,-6.628748029470443726e-02,6.447546184062957764e-02,7.591346651315689087e-02,1.810013353824615479e-01,-1.289834827184677124e-01,-6.209149956703186035e-03,7.363816350698471069e-02,-1.501986980438232422e-01,5.391004309058189392e-02,1.679096966981887817e-01,1.038500666618347168e-01,1.724255979061126709e-01,1.118546351790428162e-02,1.450836211442947388e-01,-1.580811440944671631e-01,-9.300613403320312500e-02,-1.042750999331474304e-01,-2.960546873509883881e-02,2.337724715471267700e-02,1.130467131733894348e-01,7.288529723882675171e-02,-1.266102492809295654e-02,-4.314879421144723892e-03,-5.363040789961814880e-02,-6.184076890349388123e-02,-1.611063927412033081e-01,1.265421658754348755e-01,-8.937288075685501099e-02,-1.876891590654850006e-03,1.571071892976760864e-01,-1.329733580350875854e-01,-1.142127513885498047e-01,2.057750672101974487e-01,-6.379608064889907837e-02,-1.323616970330476761e-02,2.040546014904975891e-02,7.709074416197836399e-04,1.000616028904914856e-01,-1.285774819552898407e-02,-8.933896571397781372e-02,4.923640191555023193e-02,4.467130079865455627e-02,4.185296222567558289e-02,-2.326994091272354126e-01,1.452344469726085663e-02,-9.447685629129409790e-02,-3.074174560606479645e-02,-1.040846034884452820e-01,-1.220768596976995468e-02,4.591827467083930969e-02,-1.206212118268013000e-01,-8.466259390115737915e-02,-1.879760771989822388e-01,-4.764901008456945419e-03,-6.183911487460136414e-02,-1.025891583412885666e-02,-6.098198518157005310e-02,-1.136084794998168945e-01,1.777765154838562012e-01,-1.066654268652200699e-02,-9.463229030370712280e-02,-2.414459735155105591e-02,1.270938813686370850e-01,1.339777261018753052e-01,-1.085757687687873840e-01,1.880863495171070099e-02,2.490027546882629395e-01,3.164713457226753235e-02,2.496426925063133240e-02,-9.200230240821838379e-02,-1.160768494009971619e-01,-1.408544331789016724e-01,-2.925727665424346924e-01,-1.028503775596618652e-01,-5.435575544834136963e-02,2.633610069751739502e-01,6.889219582080841064e-02,-1.022706087678670883e-02,2.773222923278808594e-01,3.035968244075775146e-01,8.643892593681812286e-03,-6.776728481054306030e-02,-1.100959777832031250e-01,-6.646154820919036865e-02,4.098578393459320068e-01,2.365793585777282715e-01,-9.169471450150012970e-03,-7.464188337326049805e-02,2.416185140609741211e-01,9.150267392396926880e-02,-6.713254004716873169e-02,1.291504800319671631e-01,3.250851482152938843e-02,-1.258285641670227051e-01,-3.325305134057998657e-02,9.324045479297637939e-02,8.015246689319610596e-02,1.666052266955375671e-02,-2.459443807601928711e-01,-2.691080234944820404e-02,4.066319167613983154e-01,1.799372434616088867e-01,1.122003793716430664e-01,3.529430553317070007e-02,4.205615445971488953e-02,3.584706038236618042e-02,-1.140261441469192505e-01,-2.716203592717647552e-02,1.021502017974853516e-01,-9.708434343338012695e-02,1.333698779344558716e-01,7.447753101587295532e-02,1.547296792268753052e-01,-5.836529657244682312e-02,1.586849689483642578e-01,1.036178097128868103e-01,-4.453850910067558289e-02,-1.155118644237518311e-01,9.020492434501647949e-02,9.999039024114608765e-02,-1.090292409062385559e-01,-3.234083577990531921e-02,-8.448481559753417969e-02,3.719439357519149780e-02,-1.638246513903141022e-02,-6.271902471780776978e-02,7.708716392517089844e-02,-5.136596970260143280e-03,-2.474110573530197144e-01,1.141485869884490967e-01,2.310802601277828217e-02,-1.704490371048450470e-02,1.725623011589050293e-02,-1.492828577756881714e-01,4.121538251638412476e-02,-1.363925933837890625e-01,-5.935555323958396912e-02,1.772524788975715637e-02,-1.322529464960098267e-01,-8.112843334674835205e-02,-1.454012691974639893e-01,1.918082088232040405e-01,-5.901783704757690430e-02,-1.487161666154861450e-01,-4.421697929501533508e-02,2.543346025049686432e-03,1.261132806539535522e-01,-2.294910550117492676e-01,1.381519883871078491e-01,1.975790113210678101e-01,-8.271366357803344727e-02,6.925790756940841675e-02,1.163873076438903809e-01,1.032656580209732056e-01,-1.007222458720207214e-01,-4.693550243973731995e-02,6.058405339717864990e-02,-7.755997776985168457e-02,-8.723063394427299500e-03,1.209403127431869507e-01,9.514196962118148804e-02,4.417609889060258865e-03,-1.127644032239913940e-01,9.757255017757415771e-02,-6.994895171374082565e-03,8.284200727939605713e-02,-7.643514871597290039e-02,8.054798841476440430e-02,-1.215816587209701538e-01,2.120417803525924683e-01,1.024625264108181000e-02,4.464157298207283020e-02,-8.477734029293060303e-02,-5.272386968135833740e-02,9.989858418703079224e-02,6.065873056650161743e-02,-7.747472729533910751e-03,1.430515795946121216e-01,-9.905873239040374756e-02,2.273287922143936157e-01,-1.548495441675186157e-01,-1.857411414384841919e-01,5.913125351071357727e-02,9.200006723403930664e-02,1.241685301065444946e-01,-2.227234691381454468e-01,-8.653299510478973389e-02,6.645403802394866943e-02,-1.209983751177787781e-01,2.170147448778152466e-01,9.812966734170913696e-02,-2.003768682479858398e-01,-1.168761923909187317e-01,2.787580788135528564e-01,-1.445102542638778687e-01,2.255055457353591919e-01,-2.425621598958969116e-01,-8.471076190471649170e-02,1.704684197902679443e-01,-1.982618719339370728e-01,3.806468471884727478e-02,1.156651973724365234e-01,-1.754506826400756836e-01,1.192245185375213623e-01,1.949639469385147095e-01,2.273399233818054199e-01,-2.426928579807281494e-01,-2.405115365982055664e-01,6.474389694631099701e-03
-1.201665252447128296e-01,2.180621176958084106e-01,-2.747678756713867188e-02,-4.510805010795593262e-01,1.111406013369560242e-01,2.337048351764678955e-01,1.492807865142822266e-01,-4.699402675032615662e-02,4.405101388692855835e-02,-1.620716452598571777e-01,-1.727572232484817505e-01,8.457507938146591187e-02,-1.191659793257713318e-01,-8.757884055376052856e-02,-1.503984779119491577e-01,1.625619679689407349e-01,-4.226659238338470459e-02,-1.333669722080230713e-01,1.472201794385910034e-01,-1.165209338068962097e-01,1.774343550205230713e-01,1.767845600843429565e-01,-3.443107125349342823e-04,6.407242268323898315e-02,1.478018313646316528e-01,-4.219116866588592529e-01,6.173967197537422180e-02,1.698429435491561890e-01,-1.427387744188308716e-01,-1.607746630907058716e-01,-1.424842178821563721e-01,-1.166783273220062256e-02,-3.096117638051509857e-02,1.136802434921264648e-01,1.247186288237571716e-01,2.082781121134757996e-02,1.108169108629226685e-01,6.187189742922782898e-02,1.006406471133232117e-01,1.944435834884643555e-01,1.219842210412025452e-02,-1.992377825081348419e-02,1.337231099605560303e-01,4.700715839862823486e-02,-1.175425574183464050e-01,1.126235499978065491e-01,4.538651555776596069e-02,1.335301101207733154e-01,-8.643003553152084351e-02,1.338968575000762939e-01,1.922408863902091980e-02,1.007537636905908585e-02,1.157389655709266663e-01,1.552760601043701172e-01,-1.029028668999671936e-01,1.613071560859680176e-01,-3.056272119283676147e-02,1.855806410312652588e-01,-3.454520553350448608e-02,-5.632142722606658936e-02,-2.110038250684738159e-01,3.879365622997283936e-01,2.166735380887985229e-01,-3.834320977330207825e-02,-8.788281679153442383e-02,-1.364706009626388550e-01,-5.643991753458976746e-02,-1.684801131486892700e-01,1.370441764593124390e-01,1.022435501217842102e-01,-1.061337441205978394e-01,1.336324065923690796e-01,2.067742347717285156e-01,-2.436024099588394165e-01,-1.187637373805046082e-01,1.488769948482513428e-01,-4.288667440414428711e-02,2.652509510517120361e-02,-1.748671233654022217e-01,9.116381406784057617e-03,-3.048653481528162956e-03,1.799194514751434326e-01,-1.969780400395393372e-02,2.791184186935424805e-02,4.021690040826797485e-02,-8.040456473827362061e-02,-3.740183264017105103e-02,5.300533771514892578e-02,5.275670066475868225e-02,6.675705313682556152e-03,-2.593000233173370361e-01,1.390520483255386353e-01,-1.297042369842529297e-01,4.287287592887878418e-02,-9.413404390215873718e-03,-6.782074272632598877e-02,1.045655086636543274e-01,1.009561792016029358e-01,5.672155320644378662e-02,1.139829829335212708e-01,-2.401586771011352539e-01,-2.535206079483032227e-01,-1.461968570947647095e-01,-4.779613111168146133e-03,1.394346654415130615e-01,-7.314726710319519043e-02,-1.108266487717628479e-01,-4.215550050139427185e-02,-1.537847518920898438e-01,8.912377804517745972e-02,-1.279610325582325459e-03,-2.581697516143321991e-02,8.028332144021987915e-03,-8.811076730489730835e-02,-3.510666787624359131e-01,8.262053132057189941e-03,7.675343658775091171e-03,2.948600426316261292e-02,6.285630911588668823e-02,1.226792782545089722e-01,-2.663744986057281494e-02,-1.126496046781539917e-01,-2.892647124826908112e-02,-2.410574443638324738e-02,1.754709519445896149e-02,-6.149825081229209900e-02,-6.343519687652587891e-02,-2.979433909058570862e-02,3.486319445073604584e-03,-4.503628239035606384e-02,8.605907857418060303e-02,-1.482493132352828979e-01,-1.360554434359073639e-02,-8.875045180320739746e-02,1.102933064103126526e-01,1.097656339406967163e-01,2.742818556725978851e-02,-1.083647757768630981e-01,-4.143106564879417419e-02,-1.937367767095565796e-02,-1.837062090635299683e-01,5.551979690790176392e-02,-1.169534102082252502e-01,-4.735698550939559937e-02,9.310014545917510986e-02,-8.694487623870372772e-03,5.606180429458618164e-02,7.653445005416870117e-03,8.933568745851516724e-02,-2.130704075098037720e-01,-1.922837644815444946e-02,-4.682565107941627502e-02,4.091446101665496826e-02,8.202286809682846069e-02,5.690636485815048218e-02,1.363142728805541992e-01,-8.662118762731552124e-02,1.498873382806777954e-01,1.380339264869689941e-01,-5.761728622019290924e-03,4.370216280221939087e-02,-1.134796068072319031e-01,-1.445704847574234009e-01,-6.591612845659255981e-02,9.096314758062362671e-02,-1.644831895828247070e-01,3.849241882562637329e-02,1.681409925222396851e-01,-2.537737786769866943e-02,5.344222299754619598e-03,-3.709654137492179871e-02,1.560801360756158829e-02,-1.841806918382644653e-01,1.327692568302154541e-01,-1.309002637863159180e-01,8.251936733722686768e-02,-2.589693367481231689e-01,3.329546004533767700e-02,4.848868027329444885e-02,-9.985311329364776611e-02,-1.546414755284786224e-02,-2.806675732135772705e-01,-2.360980957746505737e-01,1.649766787886619568e-02,-3.189184367656707764e-01,-8.350642025470733643e-02,-4.196244180202484131e-01,1.741210371255874634e-02,-4.035000130534172058e-02,-1.033495441079139709e-01,1.696912497282028198e-01,-1.252541393041610718e-01,-9.400629997253417969e-02,-1.534636914730072021e-01,2.271307110786437988e-01,1.623316854238510132e-01,-4.831488132476806641e-01,-2.295090109109878540e-01,-1.487056761980056763e-01,-2.701215744018554688e-01,5.881141126155853271e-02,2.743867039680480957e-01,1.077757105231285095e-01,-2.597776055335998535e-01,-1.682880818843841553e-01,-7.584898918867111206e-02,-9.507317841053009033e-02,-3.249543309211730957e-01,-2.122975885868072510e-03,1.129060536623001099e-01,1.173136234283447266e-01,2.398667633533477783e-01,-8.908433467149734497e-02,-1.694115549325942993e-01,-2.225683033466339111e-01,-3.566757142543792725e-01,4.850222729146480560e-03,5.356406420469284058e-02,3.564723134040832520e-01,-4.190297722816467285e-01,-1.205441951751708984e-01,8.251778781414031982e-02,1.288531124591827393e-01,-1.045700535178184509e-01,8.513354510068893433e-02,1.586191058158874512e-01,-1.497340649366378784e-01,-5.118344724178314209e-02,2.274220138788223267e-01,-3.146907687187194824e-01,-9.851576387882232666e-02,-1.680743545293807983e-01,1.177523210644721985e-01,-2.865274846553802490e-01,-8.209472149610519409e-02,-1.348412930965423584e-01,6.743550300598144531e-02,9.127839468419551849e-03,6.191214174032211304e-02,-1.130205392837524414e-01,-3.796336054801940918e-01,7.144321501255035400e-02,-3.935505151748657227e-01,-4.825278818607330322e-01,3.490317985415458679e-02,-2.687146961688995361e-01,1.344629824161529541e-01,-1.361385583877563477e-01,-2.379675060510635376e-01,-2.949737608432769775e-01,-1.832675188779830933e-01,-5.864878892898559570e-01,-1.003815606236457825e-01,-1.201815232634544373e-01,-6.268621981143951416e-02,-5.431083496659994125e-03
1.688339710235595703e-01,-2.958543300628662109e-01,-3.340754657983779907e-02,-1.190840974450111389e-01,-8.197231590747833252e-02,-1.578492522239685059e-01,2.567048557102680206e-02,-1.891855448484420776e-01,1.161976754665374756e-01,-8.156268298625946045e-02,-5.079840309917926788e-03,-2.810410559177398682e-01,-1.521301120519638062e-01,-2.603734135627746582e-01,-4.401756450533866882e-02,4.862330481410026550e-02,1.364776790142059326e-01,-1.006616428494453430e-01,-1.494221687316894531e-01,8.336694538593292236e-02,1.105910837650299072e-01,-5.514692887663841248e-02,-1.181447654962539673e-01,-1.692287623882293701e-01,-8.813807368278503418e-02,-9.307493269443511963e-02,1.841550916433334351e-01,5.646248161792755127e-02,-1.286366581916809082e-01,-6.118595600128173828e-02,-3.326363265514373779e-01,3.215728700160980225e-02,-9.677508845925331116e-03,2.807163596153259277e-01,-4.890026524662971497e-02,1.446067988872528076e-01,-1.149161458015441895e-01,-1.662417650222778320e-01,-3.082381784915924072e-01,-6.811431050300598145e-02,8.206507563591003418e-02,-1.681172102689743042e-01,-1.964037567377090454e-01,-5.308650061488151550e-02,-2.126646935939788818e-01,1.255104541778564453e-01,-1.378780603408813477e-01,-1.557859778404235840e-02,-4.708766564726829529e-02,2.125885188579559326e-01,-1.470654904842376709e-01,-2.145627439022064209e-01,1.745522320270538330e-01,-1.438620835542678833e-01,7.555604726076126099e-02,2.064309865236282349e-01,1.183320954442024231e-01,-1.434696167707443237e-01,-2.307364940643310547e-01,-4.677737504243850708e-02,-2.431831955909729004e-01,-7.304703444242477417e-02,1.956703364849090576e-01,7.682859152555465698e-02,1.444585993885993958e-02,-2.763855159282684326e-01,-1.595729729160666466e-03,-1.320737898349761963e-01,1.445819288492202759e-01,1.137219890952110291e-01,-2.404046505689620972e-01,-6.072768196463584900e-02,-2.543203718960285187e-02,-1.575575917959213257e-01,4.972240328788757324e-02,6.716447323560714722e-02,5.847343429923057556e-02,2.201099693775177002e-02,-1.519382894039154053e-01,-8.154574036598205566e-02,6.688840687274932861e-02,9.249774739146232605e-03,7.092392444610595703e-02,8.483434468507766724e-02,9.638159722089767456e-02,4.981192201375961304e-02,-5.712474137544631958e-02,-2.658348716795444489e-02,3.902635350823402405e-02,6.943004578351974487e-02,1.013708487153053284e-01,1.242733970284461975e-01,-3.479540944099426270e-01,1.605549082159996033e-02,-4.016221314668655396e-02,3.823871165513992310e-02,-3.237945437431335449e-01,2.254682630300521851e-01,-1.143304184079170227e-01,5.739863216876983643e-02,-1.023958325386047363e-01,-6.029934063553810120e-02,-2.593332156538963318e-02,-2.693210728466510773e-03,6.871683150529861450e-02,-2.900023758411407471e-01,-1.088575497269630432e-01,2.270712703466415405e-01,5.888706073164939880e-02,3.227022290229797363e-02,1.445762068033218384e-01,8.489917963743209839e-02,-4.122797548770904541e-01,-7.204516232013702393e-02,-3.425854817032814026e-02,-1.371478885412216187e-01,1.324643343687057495e-01,-6.060180068016052246e-02,1.629103124141693115e-01,3.723339140415191650e-01,-7.630839943885803223e-02,-2.243130467832088470e-03,-3.300557732582092285e-01,1.490867137908935547e-01,5.030129104852676392e-02,-5.737606063485145569e-02,-2.695207484066486359e-02,6.611099094152450562e-02,1.072451472282409668e-02,5.952477455139160156e-02,1.785945296287536621e-01,-6.434056162834167480e-02,-1.751900911331176758e-01,-1.620428413152694702e-01,-1.332812607288360596e-01,-7.068412005901336670e-02,9.647729247808456421e-02,-2.129875719547271729e-01,1.792680919170379639e-01,9.198960661888122559e-02,-2.059995830059051514e-01,6.945475190877914429e-02,-1.279743164777755737e-01,6.851874291896820068e-03,8.864795789122581482e-03,2.275480777025222778e-01,-1.089654639363288879e-01,1.668866574764251709e-01,1.170516461133956909e-01,-2.565886974334716797e-01,2.937853150069713593e-02,-5.689390748739242554e-02,-1.097004022449254990e-02,-3.108816221356391907e-02,-4.033285751938819885e-02,1.701060868799686432e-02,-2.346327714622020721e-02,8.143086731433868408e-02,1.892307102680206299e-01,-1.173447966575622559e-01,-4.065881073474884033e-01,-1.979564577341079712e-01,-1.070496216416358948e-01,-2.996293641626834869e-02,1.795344799757003784e-01,8.011129498481750488e-02,-1.952837780117988586e-02,1.137567758560180664e-01,1.021210402250289917e-01,5.206592381000518799e-03,-2.090933918952941895e-01,5.293683707714080811e-02,5.033599212765693665e-02,9.236506372690200806e-02,-9.090193547308444977e-03,-1.667652130126953125e-01,-2.922436296939849854e-01,-3.552205264568328857e-01,1.186460023745894432e-03,-1.807978153228759766e-01,-2.992481179535388947e-02,8.884549140930175781e-02,-2.494209259748458862e-02,2.768084406852722168e-02,-6.188458949327468872e-02,7.363574951887130737e-02,4.310544580221176147e-02,-1.629370599985122681e-01,1.189511492848396301e-01,1.643901504576206207e-02,5.440315231680870056e-02,-7.082775235176086426e-02,2.090102881193161011e-01,-1.274204552173614502e-01,-1.128528238041326404e-04,2.588033303618431091e-02,1.086830049753189087e-01,1.514565572142601013e-02,1.264480799436569214e-01,-9.387066215276718140e-02,-4.791771061718463898e-03,-3.397356867790222168e-01,5.390588939189910889e-02,-3.313688561320304871e-02,-1.262543052434921265e-01,2.629061639308929443e-01,8.637821301817893982e-03,1.315568238496780396e-01,4.596259817481040955e-02,-1.474577039480209351e-01,-1.611877083778381348e-01,-1.974393278360366821e-01,-6.944084167480468750e-02,8.544072508811950684e-02,-1.673986762762069702e-01,8.573801815509796143e-02,8.045651763677597046e-02,1.625504344701766968e-01,-5.035323649644851685e-02,1.672286987304687500e-01,2.536764554679393768e-02,-8.372823148965835571e-02,5.773987993597984314e-02,4.500167444348335266e-02,-3.449581265449523926e-01,-1.167723163962364197e-01,-2.186470180749893188e-01,1.586043089628219604e-01,8.356638252735137939e-02,-1.354511231184005737e-01,-1.453303694725036621e-01,1.112536340951919556e-01,2.452998906373977661e-01,1.048355102539062500e-01,-2.400976121425628662e-01,1.175475418567657471e-01,-8.398512378334999084e-03,6.631697714328765869e-02,1.475369483232498169e-01,3.096337057650089264e-02,-4.531336575746536255e-02,1.485856026411056519e-01,2.363442778587341309e-01,9.777579456567764282e-02,-1.210452914237976074e-01,-4.249836876988410950e-02,2.675422728061676025e-01,-6.834162771701812744e-02,2.455358952283859253e-02,2.691333293914794922e-01,-9.415651112794876099e-02,1.343337912112474442e-02,-3.243782743811607361e-02,4.731329530477523804e-02,8.254279196262359619e-02,6.107920408248901367e-02
1.912419497966766357e-01,-6.469094753265380859e-02,1.839697360992431641e-01,1.748149096965789795e-01,-9.414248168468475342e-02,-1.787736266851425171e-01,-2.755272090435028076e-01,2.493784949183464050e-02,-1.914222352206707001e-02,-1.173850744962692261e-01,1.961120367050170898e-01,-6.382498890161514282e-02,6.784711033105850220e-02,-2.509086206555366516e-02,-5.240402370691299438e-02,1.784828603267669678e-01,4.316867887973785400e-02,2.524109184741973877e-01,-5.386468768119812012e-02,5.452563613653182983e-02,7.737681269645690918e-02,-6.430354714393615723e-02,-2.804248631000518799e-01,-1.984509378671646118e-01,-6.615312397480010986e-02,-1.198006868362426758e-01,-1.834372431039810181e-01,1.978013664484024048e-01,2.395710796117782593e-01,-8.216097950935363770e-03,5.013173073530197144e-02,3.350412845611572266e-02,-3.109452128410339355e-01,1.139065325260162354e-01,-2.567768990993499756e-01,9.241975098848342896e-02,3.352405875921249390e-02,-3.772038593888282776e-02,-5.219153687357902527e-02,5.640194937586784363e-02,-2.439556568861007690e-01,-1.854443252086639404e-01,-3.903269767761230469e-01,2.207276374101638794e-01,-6.724834442138671875e-02,8.763187564909458160e-03,3.345568897202610970e-03,-1.283359248191118240e-03,-1.583857089281082153e-01,-2.814562022686004639e-01,-2.419397532939910889e-01,-1.304923146963119507e-01,2.238538116216659546e-01,7.187356054782867432e-02,3.542714118957519531e-01,8.226312696933746338e-02,-2.643379867076873779e-01,-1.573465913534164429e-01,-1.043749004602432251e-01,1.937513202428817749e-01,-4.482252057641744614e-03,-4.908412322402000427e-02,-4.281350970268249512e-02,9.593880735337734222e-03,2.006991207599639893e-01,-2.735368907451629639e-01,-8.135904371738433838e-02,-1.040385104715824127e-02,1.905111670494079590e-01,1.617248952388763428e-01,-1.259246617555618286e-01,-7.428800314664840698e-02,6.527969241142272949e-02,-1.377469599246978760e-01,-1.230629533529281616e-01,8.024366945028305054e-02,3.221587091684341431e-02,-1.079002618789672852e-01,-5.523554608225822449e-02,3.857534378767013550e-02,1.252900511026382446e-01,1.604623347520828247e-01,-1.079635974019765854e-02,5.648125428706407547e-03,-4.882333055138587952e-02,8.418121188879013062e-02,1.520066335797309875e-02,2.494181878864765167e-02,-4.545810818672180176e-02,2.205978089477866888e-04,-2.214962691068649292e-01,2.196039631962776184e-02,2.757749855518341064e-01,1.075221784412860870e-02,-1.698851436376571655e-01,-1.583535037934780121e-02,1.710520125925540924e-02,1.288837343454360962e-01,-1.229408234357833862e-01,-1.346783787012100220e-01,1.301420945674180984e-02,9.356611967086791992e-02,6.644226610660552979e-02,1.703650653362274170e-01,-3.887367248535156250e-02,-2.456632070243358612e-02,4.509276896715164185e-02,1.467770989984273911e-02,1.179627776145935059e-01,3.787576034665107727e-02,-3.098025359213352203e-02,-8.859592676162719727e-02,-2.189619094133377075e-01,-2.734907269477844238e-01,4.572417959570884705e-02,-1.293320804834365845e-01,3.489317372441291809e-02,1.293133497238159180e-01,2.090360075235366821e-01,1.996266692876815796e-01,1.246738433837890625e-01,-9.486569464206695557e-02,-4.237603396177291870e-02,-9.264580905437469482e-02,5.037059634923934937e-02,-1.348835378885269165e-01,-2.344612330198287964e-01,1.718019694089889526e-01,1.447380036115646362e-01,9.791880846023559570e-02,-3.454413637518882751e-02,-3.781756162643432617e-01,1.872959136962890625e-01,4.871771484613418579e-02,-2.860179729759693146e-02,-9.801657497882843018e-02,-5.595483258366584778e-02,-1.311127562075853348e-02,-2.037973105907440186e-01,1.131929755210876465e-01,2.515514567494392395e-02,-2.701689898967742920e-01,-1.074031516909599304e-01,-6.614471971988677979e-02,-1.277969181537628174e-01,-1.811404824256896973e-01,-1.595613807439804077e-01,-2.732849121093750000e-01,2.551976777613162994e-02,2.007090486586093903e-02,1.827957630157470703e-01,-4.341014847159385681e-02,1.185250803828239441e-01,3.381148353219032288e-02,-1.585375219583511353e-01,-2.477543987333774567e-02,2.504197321832180023e-02,2.222615666687488556e-02,2.921877242624759674e-02,-1.941155195236206055e-01,-6.896939128637313843e-02,5.171244964003562927e-02,6.370569020509719849e-02,1.074466016143560410e-02,-2.645565755665302277e-02,-5.827731639146804810e-02,-1.074093300849199295e-02,-3.098852001130580902e-02,-2.489449381828308105e-01,-5.165411531925201416e-02,2.243864387273788452e-01,-6.716091930866241455e-02,2.650920152664184570e-01,-1.040664836764335632e-01,-1.082788333296775818e-01,5.976061150431632996e-02,1.633266955614089966e-01,-3.266825899481773376e-02,1.964188516139984131e-01,-1.292941868305206299e-01,-3.048145174980163574e-01,-5.825708061456680298e-02,8.383159339427947998e-02,3.893070854246616364e-03,1.911232173442840576e-01,2.446203492581844330e-02,1.989444047212600708e-01,-7.246176898479461670e-02,2.920842915773391724e-02,-3.731752512976527214e-03,-4.501821473240852356e-02,1.070165187120437622e-01,-3.003773987293243408e-01,-1.686711460351943970e-01,-3.609307110309600830e-02,-7.686740159988403320e-02,-2.935161348432302475e-03,1.206206753849983215e-01,-1.471933275461196899e-01,-5.703711137175559998e-02,3.933585807681083679e-02,-2.175869196653366089e-01,-1.953483074903488159e-01,-8.667749166488647461e-02,-1.807746589183807373e-01,-1.029956489801406860e-01,-5.680784583091735840e-03,-1.961082518100738525e-01,-2.007967047393321991e-02,-1.314652413129806519e-01,8.131523430347442627e-02,4.408909752964973450e-02,-1.495752781629562378e-01,2.645217627286911011e-02,3.627980127930641174e-02,1.211229041218757629e-01,-1.093274950981140137e-01,-3.687059506773948669e-02,8.133011311292648315e-02,-1.547283083200454712e-01,-1.167924478650093079e-01,1.374634951353073120e-01,-1.598043441772460938e-01,-4.295925050973892212e-02,9.844387322664260864e-02,3.029314987361431122e-02,3.938760459423065186e-01,1.501139998435974121e-01,-5.926832556724548340e-02,-1.494028717279434204e-01,1.724440753459930420e-01,-1.061681807041168213e-01,2.442553266882896423e-02,-5.553531926125288010e-03,2.509257197380065918e-01,1.574476957321166992e-01,2.374714463949203491e-01,8.726674318313598633e-02,-8.661717921495437622e-02,-5.463332682847976685e-02,2.805097214877605438e-02,-2.662025392055511475e-02,2.050615698099136353e-01,-3.042357973754405975e-02,7.826666533946990967e-02,1.875032186508178711e-01,1.463004737161099911e-03,-3.792495699599385262e-03,4.289193078875541687e-03,-7.107532769441604614e-02,1.380415260791778564e-01,-7.861719280481338501e-02,1.708953082561492920e-02,1.096787303686141968e-01,-7.850068807601928711e-02,-1.352175176143646240e-01
-1.377744320780038834e-02,-3.328894078731536865e-01,-2.543401122093200684e-01,-9.776730835437774658e-02,1.731364578008651733e-01,2.520788311958312988e-01,2.615626156330108643e-01,4.156012088060379028e-02,1.367812007665634155e-01,-2.830021083354949951e-01,-5.884946137666702271e-02,1.683554500341415405e-01,3.683139011263847351e-02,2.144565135240554810e-01,2.115534394979476929e-01,-5.410308390855789185e-02,-1.433732509613037109e-01,-8.515091240406036377e-02,6.038041412830352783e-02,-1.931155323982238770e-01,-1.166550517082214355e-01,2.066687941551208496e-01,2.022732049226760864e-01,1.333272457122802734e-01,3.466608226299285889e-01,-1.197708770632743835e-02,-4.820812121033668518e-02,-1.062870956957340240e-02,-3.082887269556522369e-02,-1.335127800703048706e-01,1.199327185750007629e-01,-8.449199795722961426e-02,4.418970644474029541e-02,1.932651400566101074e-01,5.302248522639274597e-02,-6.337575614452362061e-02,-8.097176253795623779e-02,-5.141660198569297791e-02,1.153987925499677658e-02,-5.139141343533992767e-03,-2.089491300284862518e-02,1.758455783128738403e-01,-6.122183427214622498e-02,-1.715254597365856171e-02,-1.745990365743637085e-01,-1.409790068864822388e-01,2.066751867532730103e-01,9.284716844558715820e-02,3.824399411678314209e-02,1.620425730943679810e-01,-6.618758291006088257e-02,6.965881586074829102e-02,2.025252580642700195e-02,-9.577240794897079468e-02,-2.482796311378479004e-01,-6.493739783763885498e-02,-2.478369623422622681e-01,9.225692600011825562e-02,1.884870417416095734e-02,-1.204338297247886658e-01,1.714051328599452972e-02,-2.719756960868835449e-02,1.200112551450729370e-01,-9.109219908714294434e-02,-7.267082482576370239e-02,-1.643674448132514954e-02,-2.982332706451416016e-01,-4.528599977493286133e-01,-6.569713354110717773e-02,-4.168630763888359070e-02,3.350260555744171143e-01,-1.929612457752227783e-01,-5.907041579484939575e-02,-6.180583313107490540e-02,-2.068748176097869873e-01,-6.863854825496673584e-02,1.327074617147445679e-01,1.966412365436553955e-01,-1.787872985005378723e-02,4.047006368637084961e-02,-1.430310904979705811e-01,-2.375379353761672974e-01,8.033013343811035156e-02,-2.084967494010925293e-01,-1.203063204884529114e-01,-8.791624009609222412e-02,1.140720322728157043e-01,-1.093644872307777405e-01,7.674954831600189209e-02,-3.261407017707824707e-01,-1.176362950354814529e-02,1.256123781204223633e-01,-2.750275135040283203e-01,2.519739866256713867e-01,1.479127109050750732e-01,9.110181033611297607e-02,4.661442339420318604e-02,3.235412016510963440e-02,-1.396727114915847778e-01,1.469282060861587524e-01,3.325580433011054993e-02,2.443160675466060638e-02,1.402835100889205933e-01,4.599145427346229553e-02,-2.411748766899108887e-01,-3.467461792752146721e-03,-9.484960883855819702e-02,9.056736528873443604e-02,-1.167336851358413696e-01,1.879194527864456177e-01,8.118915557861328125e-02,1.617462374269962311e-02,-1.723818331956863403e-01,1.425205469131469727e-01,-1.199836656451225281e-02,-1.233686879277229309e-01,1.030480340123176575e-01,1.435205191373825073e-01,-1.280674189329147339e-01,9.179330430924892426e-03,-3.145761042833328247e-02,-2.657697796821594238e-01,-1.127819716930389404e-01,-8.393028378486633301e-02,8.261778950691223145e-02,1.061988621950149536e-01,2.190885245800018311e-01,9.269376844167709351e-02,-1.066303253173828125e-01,-9.287700057029724121e-02,-1.515232771635055542e-01,-3.716721832752227783e-01,4.464399442076683044e-02,-8.985416591167449951e-02,1.403361558914184570e-01,3.159943968057632446e-02,-4.337322413921356201e-01,-1.501863263547420502e-02,-1.163068711757659912e-01,1.936096847057342529e-01,9.464535862207412720e-03,1.427740789949893951e-02,-2.015915066003799438e-01,-1.114761903882026672e-01,1.122156679630279541e-01,2.499522119760513306e-01,1.683934032917022705e-01,-2.956631481647491455e-01,-2.835060842335224152e-02,-5.165813490748405457e-02,-7.627208530902862549e-02,-1.149721369147300720e-01,-1.511019617319107056e-01,-2.665458917617797852e-01,1.838118210434913635e-02,-1.346949189901351929e-01,3.447668626904487610e-02,1.049998328089714050e-01,4.158146306872367859e-02,-1.253336369991302490e-01,-2.425345927476882935e-01,1.923094131052494049e-02,-1.417303690686821938e-03,-1.179669424891471863e-01,-8.238312602043151855e-02,1.317421793937683105e-01,1.859459653496742249e-02,1.318222135305404663e-01,1.042977273464202881e-01,-1.348624974489212036e-01,-6.585878133773803711e-02,-4.914052411913871765e-02,2.697392180562019348e-02,1.195293813943862915e-01,2.095229551196098328e-02,1.107423454523086548e-01,2.759637124836444855e-02,8.699854463338851929e-02,8.246111869812011719e-02,2.678493596613407135e-02,-8.764165639877319336e-02,-6.495025753974914551e-02,-1.245943158864974976e-01,1.891775578260421753e-01,5.906514823436737061e-02,2.160621434450149536e-02,1.129822656512260437e-01,9.885642677545547485e-03,6.348079442977905273e-02,-2.344729453325271606e-01,-1.129001006484031677e-01,1.193647384643554688e-01,-1.522303372621536255e-01,9.819175302982330322e-02,-3.839532434940338135e-01,-5.203643441200256348e-02,-2.050850540399551392e-02,6.161973811686038971e-03,6.625128537416458130e-02,1.824018657207489014e-01,-2.011274844408035278e-01,1.906301528215408325e-01,-2.555586993694305420e-01,9.486188739538192749e-02,1.972155869007110596e-01,1.372414678335189819e-01,-2.295489907264709473e-01,1.572344452142715454e-01,-1.935270279645919800e-01,1.988403685390949249e-02,-7.765144575387239456e-03,-1.130413264036178589e-01,2.607872709631919861e-02,5.692176148295402527e-02,-1.478795800358057022e-02,6.844650954008102417e-02,-3.302572295069694519e-02,-2.395877242088317871e-02,-9.919673949480056763e-02,6.888440251350402832e-02,1.182139962911605835e-01,-3.755267709493637085e-02,-1.790172606706619263e-01,8.567987382411956787e-02,4.935041535645723343e-03,2.130542881786823273e-02,-4.149825870990753174e-02,3.351987898349761963e-01,-1.249323189258575439e-01,9.698437899351119995e-02,2.695125713944435120e-02,4.100621119141578674e-02,7.428281754255294800e-02,8.675011992454528809e-02,-4.086417332291603088e-02,-8.446468412876129150e-02,-1.009123399853706360e-01,-1.250068992376327515e-01,-5.145093798637390137e-02,-1.244699507951736450e-01,1.991548687219619751e-01,1.384587734937667847e-01,3.304071426391601562e-01,3.129805922508239746e-01,3.859858587384223938e-02,3.458944335579872131e-02,-2.746900022029876709e-01,-8.556655794382095337e-02,5.684993416070938110e-02,1.414863318204879761e-01,3.324632346630096436e-01,8.063030987977981567e-02,-9.958346188068389893e-02,1.386826783418655396e-01,1.517862677574157715e-01,-1.558056026697158813e-01
-5.762118846178054810e-03,1.293065696954727173e-01,-7.815656252205371857e-03,1.522648334503173828e-01,1.241029724478721619e-01,8.794187009334564209e-02,1.285893470048904419e-01,2.022537589073181152e-01,-3.964707255363464355e-02,1.257953234016895294e-02,-2.531971037387847900e-02,1.457700133323669434e-01,-2.653205394744873047e-01,1.265910416841506958e-01,-6.591668725013732910e-02,5.845760554075241089e-02,-2.065187692642211914e-01,-1.618747785687446594e-02,-1.413654536008834839e-01,8.612493053078651428e-03,5.074108392000198364e-02,2.389934286475181580e-02,1.643782258033752441e-01,-3.215549141168594360e-02,-1.007583066821098328e-01,-1.280548274517059326e-01,-1.189571321010589600e-01,1.466217190027236938e-01,-6.210674066096544266e-03,1.061419472098350525e-01,-1.743383333086967468e-02,2.824408374726772308e-02,-2.710550725460052490e-01,-1.383756101131439209e-01,5.473480001091957092e-02,9.528551250696182251e-02,-2.258985489606857300e-02,2.183447405695915222e-02,-3.606389090418815613e-02,-1.502731591463088989e-01,5.981181189417839050e-02,-1.055725440382957458e-01,-1.189221739768981934e-01,-7.667772471904754639e-02,-3.741951659321784973e-02,-6.948621571063995361e-02,6.359775364398956299e-02,-2.308599464595317841e-02,1.027625948190689087e-01,8.257990330457687378e-02,1.985841691493988037e-01,1.211010664701461792e-01,4.136036708950996399e-02,-8.285608887672424316e-02,-1.109277606010437012e-01,-4.386542737483978271e-02,-1.359129101037979126e-01,6.167105957865715027e-02,1.426037847995758057e-01,3.768303990364074707e-02,8.934330940246582031e-02,-3.625795617699623108e-02,-1.122698038816452026e-01,-4.066804796457290649e-02,-7.648120075464248657e-02,-4.907139390707015991e-02,1.118204556405544281e-02,-2.211122959852218628e-02,-1.001420989632606506e-01,1.146580278873443604e-01,2.299187630414962769e-01,1.560189127922058105e-01,8.895859122276306152e-02,-7.917541079223155975e-03,3.862625360488891602e-02,-2.857115864753723145e-02,-4.927531257271766663e-02,1.321460604667663574e-01,2.629908919334411621e-01,2.171303704380989075e-02,-7.167956978082656860e-02,1.323751509189605713e-01,-3.090347535908222198e-02,-1.664199829101562500e-01,-7.729058712720870972e-02,6.622077524662017822e-02,8.349889516830444336e-02,2.039514333009719849e-01,8.472830802202224731e-02,1.051141172647476196e-01,2.092647105455398560e-01,6.956318020820617676e-02,5.006664246320724487e-02,-6.620894372463226318e-02,-2.555286586284637451e-01,1.483876556158065796e-01,1.123681738972663879e-01,2.321532964706420898e-01,-1.692301779985427856e-02,4.698950052261352539e-02,2.592026442289352417e-02,-1.207247674465179443e-01,-1.125612184405326843e-01,1.824470162391662598e-01,-2.149488627910614014e-01,8.519819378852844238e-02,1.514922976493835449e-01,-2.094313055276870728e-01,1.002781465649604797e-01,-6.236774101853370667e-02,-1.240004450082778931e-01,2.305140905082225800e-02,1.353919506072998047e-01,3.420954346656799316e-01,2.421187795698642731e-02,2.281479388475418091e-01,1.390159130096435547e-01,-2.250559031963348389e-01,-9.081787616014480591e-02,-4.719368368387222290e-02,-1.416246742010116577e-01,-2.877248823642730713e-01,6.110504269599914551e-02,-2.213092148303985596e-02,8.445011451840400696e-03,1.388681381940841675e-01,-9.018903225660324097e-02,-1.995258778333663940e-01,-1.635052710771560669e-01,-7.926709949970245361e-02,-6.362501531839370728e-02,-1.933372467756271362e-01,-4.158810526132583618e-02,-3.807971626520156860e-02,2.837410569190979004e-01,3.907403722405433655e-02,1.714530587196350098e-01,-7.899957895278930664e-02,1.941451728343963623e-01,-1.119334772229194641e-01,-1.215402316302061081e-02,-2.160495966672897339e-01,-1.604627668857574463e-01,1.168868597596883774e-02,-2.888127416372299194e-02,2.312888801097869873e-01,7.506149262189865112e-02,1.971066370606422424e-02,-9.480050206184387207e-02,2.334933578968048096e-01,-1.926638484001159668e-01,1.059526205062866211e-02,1.944901943206787109e-01,6.253062933683395386e-02,2.490221261978149414e-01,5.043658986687660217e-02,-2.171111991629004478e-03,-1.826695799827575684e-01,1.451670285314321518e-02,1.367071568965911865e-01,2.801316231489181519e-02,-1.830310225486755371e-01,-2.592210769653320312e-01,-3.029294125735759735e-02,-1.312676519155502319e-01,-1.107876282185316086e-02,-2.965186238288879395e-01,4.998323693871498108e-02,-9.921732358634471893e-03,3.308682516217231750e-02,-4.176025465130805969e-02,-1.007604151964187622e-01,9.737426042556762695e-02,-2.100016176700592041e-02,-3.194281756877899170e-01,1.420038472861051559e-02,1.431777030229568481e-01,1.731656119227409363e-02,-2.486272007226943970e-01,1.763813048601150513e-01,3.244663029909133911e-02,1.294054836034774780e-02,-1.525287330150604248e-01,1.469044387340545654e-01,-6.370961666107177734e-02,-8.667313307523727417e-02,-9.010192006826400757e-02,8.773401379585266113e-02,1.227435022592544556e-01,8.638277649879455566e-02,-1.497093439102172852e-01,-2.010959535837173462e-01,1.046193167567253113e-01,-2.738354802131652832e-01,2.536247670650482178e-01,-2.559721767902374268e-01,-4.305906295776367188e-01,-3.354771137237548828e-01,7.375697046518325806e-02,-3.422598540782928467e-01,2.549708820879459381e-02,-1.071493253111839294e-01,2.574900863692164421e-03,-3.576225638389587402e-01,1.352201849222183228e-01,-2.156310342252254486e-02,-1.662329584360122681e-02,3.030442446470260620e-02,1.356985270977020264e-01,-2.529603242874145508e-01,-2.026556245982646942e-02,-2.551299631595611572e-01,-8.225556463003158569e-02,9.081274271011352539e-02,-1.278748959302902222e-01,-3.885192573070526123e-01,1.293689459562301636e-01,-3.078899085521697998e-01,-8.040296286344528198e-02,-2.487252056598663330e-01,2.375970222055912018e-02,-1.979167312383651733e-01,1.245916634798049927e-01,-1.521574705839157104e-01,-1.142623424530029297e-01,-3.000558018684387207e-01,-5.221394449472427368e-02,-3.307499736547470093e-02,6.055365875363349915e-02,8.372572809457778931e-02,-9.206102229654788971e-03,7.960190996527671814e-03,4.846293106675148010e-02,-6.251472979784011841e-02,-1.159799173474311829e-01,1.355459839105606079e-01,-3.038349747657775879e-01,-3.956959247589111328e-01,6.397862732410430908e-02,1.768721044063568115e-01,2.667880356311798096e-01,-3.283150866627693176e-02,1.939604580402374268e-01,1.870897114276885986e-01,-2.526917159557342529e-01,-1.734817028045654297e-02,-7.217954844236373901e-02,9.580164216458797455e-03,2.228800766170024872e-02,9.122886508703231812e-02,1.144123300909996033e-01,-1.952115446329116821e-03,9.857487864792346954e-03,-1.616880297660827637e-01,2.052971124649047852e-01,5.787520483136177063e-02
-1.161060407757759094e-01,-2.006047405302524567e-02,7.735760509967803955e-02,-5.807751417160034180e-02,2.683685719966888428e-02,-1.065180897712707520e-01,-1.285964697599411011e-01,7.125519216060638428e-03,8.805406838655471802e-02,-5.921043921262025833e-03,-3.885763138532638550e-02,1.230283267796039581e-02,1.002422273159027100e-01,5.671127513051033020e-02,1.123772636055946350e-01,-3.240647539496421814e-02,-5.753364786505699158e-02,-1.119424626231193542e-01,3.493924625217914581e-03,6.997365504503250122e-02,-1.347943861037492752e-02,-5.870201066136360168e-02,-4.332573711872100830e-02,-9.516675025224685669e-02,1.664824038743972778e-02,1.334634423255920410e-02,-2.845942601561546326e-02,-1.164723038673400879e-01,4.706379771232604980e-02,-1.361891329288482666e-01,-6.382854655385017395e-03,-4.017292335629463196e-02,8.833123743534088135e-02,-8.613944798707962036e-02,-1.429773494601249695e-02,-1.016353219747543335e-01,1.108930562622845173e-03,-1.082992553710937500e-02,5.725337192416191101e-02,9.419680386781692505e-02,-1.494242399930953979e-01,6.286177784204483032e-03,-5.699344351887702942e-02,-1.044908463954925537e-01,-7.437124848365783691e-02,-5.823981389403343201e-02,-1.138670146465301514e-01,-3.880566358566284180e-02,-1.267472058534622192e-01,-1.144033744931221008e-01,1.342074759304523468e-02,-6.654717773199081421e-02,-1.120212078094482422e-01,-1.371800154447555542e-01,9.221061319112777710e-02,7.899697124958038330e-02,-5.742558464407920837e-02,-1.105054244399070740e-01,3.267753496766090393e-02,-6.855967640876770020e-02,3.774027526378631592e-02,-8.531200885772705078e-02,-1.516718766652047634e-03,5.196300148963928223e-02,-1.168572679162025452e-01,-9.980916231870651245e-02,9.641817957162857056e-02,-3.337251953780651093e-03,5.441471002995967865e-03,7.554762065410614014e-02,-1.525684446096420288e-02,-6.220887973904609680e-02,-6.367693841457366943e-02,-2.861854061484336853e-02,3.931088373064994812e-03,-1.117261499166488647e-02,4.579856246709823608e-02,4.789840430021286011e-03,-4.503666982054710388e-02,1.706610620021820068e-02,4.498800635337829590e-02,-1.213854104280471802e-01,-5.093418434262275696e-02,1.577087678015232086e-02,-4.426913708448410034e-02,-1.111298575997352600e-01,-1.495500653982162476e-01,-9.618633240461349487e-02,-8.252304792404174805e-02,-1.078653335571289062e-02,6.811034679412841797e-02,-6.777961552143096924e-02,8.123496174812316895e-02,-1.478765010833740234e-01,-5.885650590062141418e-02,-5.018558725714683533e-02,4.925116524100303650e-02,-6.231079623103141785e-02,-1.068646460771560669e-01,2.997120656073093414e-02,-1.543964594602584839e-01,6.007540598511695862e-02,4.953592643141746521e-02,4.884184524416923523e-02,-1.288382709026336670e-01,6.308068335056304932e-02,1.556642353534698486e-02,-8.674126118421554565e-02,-8.025828003883361816e-02,1.119254827499389648e-01,-4.313193261623382568e-02,2.781199850142002106e-02,6.116770952939987183e-02,7.986508309841156006e-03,3.469969704747200012e-02,3.575325757265090942e-02,4.533014819025993347e-02,-6.833849102258682251e-02,-2.924636937677860260e-02,7.237651944160461426e-02,-4.720697179436683655e-02,-9.409935772418975830e-02,8.172368258237838745e-02,5.315246526151895523e-03,1.131683401763439178e-02,-2.976296469569206238e-02,-6.181408837437629700e-02,9.715222567319869995e-02,-8.038777858018875122e-02,-9.882207214832305908e-02,-1.158089786767959595e-01,-2.281197533011436462e-02,-7.123830914497375488e-02,3.778016660362482071e-03,-5.626678094267845154e-02,-8.853611350059509277e-02,3.539933264255523682e-02,-1.494930963963270187e-02,-8.196145296096801758e-02,-1.036382988095283508e-01,-1.411041319370269775e-01,-1.634540967643260956e-02,4.907510429620742798e-02,-7.254074513912200928e-02,2.686021663248538971e-02,-1.407494954764842987e-02,1.157379299402236938e-01,-1.326604485511779785e-01,6.055662035942077637e-02,-9.804125875234603882e-03,1.222248654812574387e-02,-1.217876225709915161e-01,-1.026118695735931396e-01,-8.597929030656814575e-02,3.139115124940872192e-02,5.201102048158645630e-02,-1.283132284879684448e-01,-2.839770168066024780e-02,8.841262757778167725e-02,8.118476718664169312e-02,-6.691285967826843262e-02,-4.352818801999092102e-02,-1.427853256464004517e-01,5.132348835468292236e-02,-8.559598028659820557e-02,-1.193531900644302368e-01,4.295730963349342346e-02,-1.371793299913406372e-01,1.090094447135925293e-01,-1.181497126817703247e-01,-8.590695261955261230e-02,-8.805093914270401001e-02,-1.403433829545974731e-01,-1.204138398170471191e-01,-6.716869026422500610e-02,-1.095248609781265259e-01,1.449822634458541870e-02,3.073919937014579773e-02,8.023026585578918457e-02,-9.005797654390335083e-02,1.529240794479846954e-02,-1.317831128835678101e-02,4.325668886303901672e-02,-9.558255784213542938e-03,-8.912070095539093018e-02,-1.198219731450080872e-01,1.138416957110166550e-02,-5.477167200297117233e-03,3.931717574596405029e-02,-5.785882845520973206e-02,-7.096994668245315552e-02,-4.003359470516443253e-03,-8.396553993225097656e-02,-4.287658259272575378e-02,-1.092654019594192505e-01,8.771528303623199463e-02,4.301786795258522034e-02,7.864861935377120972e-02,-1.174120418727397919e-02,2.240941487252712250e-02,-1.543400585651397705e-01,8.990760147571563721e-02,8.806370943784713745e-02,-1.196463629603385925e-01,6.146385893225669861e-02,-7.891362160444259644e-02,-1.254995614290237427e-01,9.192197769880294800e-02,-1.595044508576393127e-02,-1.020986363291740417e-01,-6.950396299362182617e-02,2.423516660928726196e-02,-8.969040960073471069e-02,3.366949781775474548e-02,1.067630350589752197e-01,6.455627083778381348e-02,4.703323543071746826e-02,-1.004839409142732620e-02,-5.582327023148536682e-02,-9.677045792341232300e-02,6.093800440430641174e-02,4.708982259035110474e-02,-1.137279644608497620e-01,-1.394225358963012695e-01,1.209164690226316452e-02,-1.049580648541450500e-01,3.781719505786895752e-02,-6.500377506017684937e-02,5.549636110663414001e-02,-6.876928359270095825e-02,-7.815156877040863037e-02,6.010561436414718628e-02,4.440122097730636597e-02,-4.173047840595245361e-03,-1.267971098423004150e-01,-1.404216736555099487e-01,1.872082427144050598e-02,-4.048426821827888489e-02,-1.160316020250320435e-01,8.299323730170726776e-03,-5.447219684720039368e-02,2.704533399082720280e-04,7.764153182506561279e-02,8.411573246121406555e-03,-7.525485008955001831e-02,3.573249652981758118e-02,8.468381315469741821e-02,-7.870077341794967651e-02,7.305702567100524902e-02,2.663484192453324795e-04,8.783635497093200684e-02,-7.863333821296691895e-02,-7.433829456567764282e-02,4.806549847126007080e-02,-7.678224146366119385e-02,2.172285132110118866e-02
-8.035416156053543091e-02,1.453028172254562378e-01,8.041101694107055664e-02,-1.412854641675949097e-01,-1.590533852577209473e-01,-5.399594083428382874e-02,2.494193241000175476e-02,-3.940466344356536865e-01,2.077286094427108765e-01,-5.737496167421340942e-02,1.744599938392639160e-01,-1.037941053509712219e-01,-1.176708042621612549e-01,-1.671881079673767090e-01,-7.621393352746963501e-02,-2.271815240383148193e-01,9.098893404006958008e-02,5.936893634498119354e-03,1.303738951683044434e-01,-9.512728452682495117e-02,6.663606315851211548e-02,-2.422844432294368744e-02,-2.248785048723220825e-01,-2.055825293064117432e-01,-1.510592736303806305e-02,-1.618573665618896484e-01,-8.322356268763542175e-03,-1.564871370792388916e-01,1.483561843633651733e-01,-1.238223537802696228e-02,-6.099101155996322632e-03,-2.134645283222198486e-01,8.213172852993011475e-02,3.615723848342895508e-01,-8.827211707830429077e-02,1.101495847105979919e-01,-8.377728983759880066e-03,-1.647053286433219910e-02,4.596054714056663215e-05,-1.738226413726806641e-01,8.013984560966491699e-02,-1.439139842987060547e-01,-1.931713521480560303e-01,6.210765615105628967e-02,9.515856951475143433e-02,-5.618794262409210205e-02,-1.271754950284957886e-01,8.519341796636581421e-02,-5.957296490669250488e-02,2.425990253686904907e-01,7.434601336717605591e-02,-1.712484508752822876e-01,3.910135850310325623e-02,-6.372515857219696045e-02,3.058915436267852783e-01,-6.085716560482978821e-02,1.907306760549545288e-01,-2.732502818107604980e-01,-2.783954143524169922e-01,4.630937054753303528e-02,1.581578850746154785e-01,-1.957586407661437988e-01,2.827848773449659348e-03,1.436039358377456665e-01,6.223655864596366882e-02,-1.048888936638832092e-01,-1.606394350528717041e-01,-1.819491237401962280e-01,1.769187301397323608e-01,1.148066148161888123e-01,-1.921672821044921875e-01,-8.059284090995788574e-02,-2.497988343238830566e-01,-4.339133203029632568e-02,3.059984743595123291e-02,2.928072959184646606e-02,-1.584479808807373047e-01,-9.034288115799427032e-03,-9.818249940872192383e-02,-2.174151241779327393e-01,1.119845435023307800e-01,2.390460520982742310e-01,1.191853359341621399e-01,-1.130477711558341980e-01,1.567491888999938965e-01,-2.043833769857883453e-02,1.053786948323249817e-01,1.129897907376289368e-01,-1.781380772590637207e-01,-1.096022687852382660e-02,-5.090356245636940002e-02,-1.114508882164955139e-01,-2.140375226736068726e-02,7.937631756067276001e-02,-2.829973399639129639e-02,-1.800390630960464478e-01,-2.512900531291961670e-01,2.290682680904865265e-02,5.003556609153747559e-02,6.308007985353469849e-02,-9.452279657125473022e-02,-5.206666514277458191e-02,3.674020990729331970e-02,2.082840204238891602e-01,4.390659928321838379e-02,-1.628046929836273193e-01,-1.385554671287536621e-01,8.434372022747993469e-03,1.559216827154159546e-01,-1.493644416332244873e-01,-1.327723115682601929e-01,-7.136998325586318970e-02,-3.306381404399871826e-01,-4.096488282084465027e-02,-1.370798796415328979e-01,-1.936911642551422119e-01,1.431192457675933838e-02,1.274809837341308594e-01,6.928326934576034546e-02,2.686733007431030273e-01,-5.538222193717956543e-02,-1.358034014701843262e-01,-5.207515507936477661e-02,-3.638100251555442810e-02,7.667197287082672119e-02,-2.906673252582550049e-01,-6.391096115112304688e-02,8.101923763751983643e-02,-9.069041162729263306e-02,-9.396883100271224976e-02,-2.498313039541244507e-02,-2.125587910413742065e-01,-8.458038419485092163e-02,-9.956714510917663574e-02,7.454792410135269165e-02,1.178859770298004150e-01,1.047813370823860168e-01,1.830320209264755249e-01,-2.045928686857223511e-01,8.204281330108642578e-02,4.863127321004867554e-02,-9.624645859003067017e-02,-6.174309551715850830e-02,2.602647757157683372e-03,1.417752653360366821e-01,-1.100138798356056213e-01,-4.067374765872955322e-02,-2.918747365474700928e-01,-1.595309674739837646e-01,-3.486609086394309998e-02,3.461221605539321899e-02,8.781188726425170898e-02,-1.084803119301795959e-01,-8.408512920141220093e-03,-2.418997883796691895e-01,-3.471025079488754272e-02,2.715109884738922119e-01,7.442510873079299927e-02,-7.716055959463119507e-02,2.556809782981872559e-01,-4.083814471960067749e-02,-2.124631851911544800e-01,4.589565843343734741e-02,1.114023029804229736e-01,2.124092280864715576e-01,1.394232958555221558e-01,-9.870690293610095978e-03,7.177796214818954468e-02,-9.414161741733551025e-02,6.281281262636184692e-02,9.503731131553649902e-02,1.617527455091476440e-01,-3.284874558448791504e-02,-2.845299802720546722e-02,-1.253764033317565918e-01,1.503579467535018921e-01,-1.878858208656311035e-01,-1.899311691522598267e-01,-1.830743849277496338e-01,-1.308509055525064468e-02,-1.210848316550254822e-01,1.426488347351551056e-02,8.134767413139343262e-03,2.001467049121856689e-01,1.855438351631164551e-01,2.377177774906158447e-01,1.788195371627807617e-01,-1.098928526043891907e-01,-8.020042628049850464e-02,-1.653026416897773743e-02,-9.864002466201782227e-03,2.867578268051147461e-01,9.091639518737792969e-02,-2.171449214220046997e-01,1.337943822145462036e-01,-5.209236219525337219e-02,-7.546569406986236572e-02,1.256927996873855591e-01,5.607800930738449097e-02,6.356414407491683960e-02,1.216498836874961853e-01,1.316232830286026001e-01,1.634455919265747070e-01,-1.471866574138402939e-02,8.002662658691406250e-02,-6.676618475466966629e-03,-1.427024370059370995e-03,-3.606764227151870728e-02,-1.113723032176494598e-02,-9.668555855751037598e-02,1.372583955526351929e-02,-7.637596130371093750e-02,-1.479340195655822754e-01,-1.168186962604522705e-01,-1.567042768001556396e-01,1.882418617606163025e-02,1.227430999279022217e-02,7.481601834297180176e-02,-1.563401222229003906e-01,-6.905601918697357178e-02,-1.528173983097076416e-01,-1.217366196215152740e-02,-2.196011990308761597e-01,1.240800544619560242e-01,2.556977421045303345e-02,4.209495615214109421e-03,1.612079441547393799e-01,2.920117676258087158e-01,-2.418829128146171570e-02,-5.453870445489883423e-02,8.179423213005065918e-02,1.419357657432556152e-01,1.235775277018547058e-01,1.408365070819854736e-01,4.275576397776603699e-02,8.853583782911300659e-02,-2.468396574258804321e-01,-8.941622823476791382e-02,1.573707908391952515e-01,1.130308434367179871e-01,5.506964772939682007e-02,1.944364607334136963e-02,2.561952471733093262e-01,2.120326086878776550e-02,-1.430055648088455200e-01,-3.688366711139678955e-02,-6.067159585654735565e-03,-3.165224194526672363e-02,1.795186474919319153e-02,2.612640559673309326e-01,1.292909532785415649e-01,-4.062183201313018799e-02,7.573122531175613403e-02,-8.382812142372131348e-03,-7.686843723058700562e-02,-1.791941002011299133e-02
-1.261500734835863113e-02,-1.591379940509796143e-01,-4.191796481609344482e-02,-3.338938811793923378e-03,-1.071867123246192932e-01,3.884262964129447937e-02,-5.814961716532707214e-02,1.010697633028030396e-01,1.691667437553405762e-01,-2.055641263723373413e-01,-6.552288681268692017e-02,2.160389721393585205e-01,-3.074188530445098877e-01,-4.378358367830514908e-03,-7.475140970200300217e-03,9.827499091625213623e-02,-1.639504916965961456e-02,-1.814717054367065430e-01,1.277674734592437744e-01,1.439187526702880859e-01,-3.678214922547340393e-02,2.548717260360717773e-01,2.137504518032073975e-01,1.499902009963989258e-01,2.869171462953090668e-02,-1.137526519596576691e-02,4.374193027615547180e-02,-3.686435520648956299e-02,-4.614993035793304443e-01,7.370375096797943115e-02,-1.520807147026062012e-01,1.928464621305465698e-01,-6.961673498153686523e-02,-3.092888295650482178e-01,-3.488934412598609924e-02,-4.698788002133369446e-02,3.149257898330688477e-01,1.163866668939590454e-01,5.510799586772918701e-02,2.447073012590408325e-01,1.513577401638031006e-01,1.311359554529190063e-01,8.889974653720855713e-02,-2.101399563252925873e-02,9.780926257371902466e-02,1.330248117446899414e-01,2.151942253112792969e-01,2.931105494499206543e-01,-3.840827941894531250e-02,-1.236412972211837769e-01,-6.278948485851287842e-02,3.589724004268646240e-02,4.523073509335517883e-02,-6.848719785921275616e-04,-2.322806268930435181e-01,1.558625698089599609e-01,1.148137822747230530e-01,1.188994273543357849e-01,3.090383484959602356e-02,5.077873915433883667e-02,1.534192711114883423e-01,-6.571923196315765381e-02,-8.171869814395904541e-02,1.595664583146572113e-02,-3.019810467958450317e-02,1.776838675141334534e-02,1.403433978557586670e-01,-2.137636840343475342e-01,-4.181300476193428040e-02,1.690338738262653351e-02,-6.147709488868713379e-02,-8.800114691257476807e-02,6.364692747592926025e-02,-2.504525482654571533e-01,7.391675561666488647e-02,-1.264295578002929688e-01,5.696402490139007568e-02,-3.233503550291061401e-02,1.729708462953567505e-01,-1.117660999298095703e-01,8.729727566242218018e-02,-2.219117060303688049e-02,6.375811994075775146e-02,6.308448314666748047e-02,-2.245729565620422363e-01,-5.043778568506240845e-02,-2.342720031738281250e-01,-1.586280316114425659e-01,-5.680187791585922241e-02,-1.667467951774597168e-01,5.250117182731628418e-02,-1.470842212438583374e-01,6.598387658596038818e-02,-5.306209623813629150e-02,1.440904755145311356e-02,-2.172704786062240601e-01,1.222374588251113892e-01,-9.429884701967239380e-02,3.223501890897750854e-02,-9.495826810598373413e-02,-5.085665360093116760e-02,-1.320610381662845612e-02,-1.497972011566162109e-01,-2.773619592189788818e-01,1.148472875356674194e-01,1.229389086365699768e-01,4.426443204283714294e-02,-1.569605767726898193e-01,2.976808138191699982e-02,-6.096639856696128845e-02,4.029711708426475525e-03,8.096014708280563354e-02,-1.220040544867515564e-01,9.644644707441329956e-02,4.894327744841575623e-02,7.100539654493331909e-02,-2.119945734739303589e-01,8.426252007484436035e-02,-1.003330945968627930e-02,-1.738519817590713501e-01,3.006290271878242493e-02,3.475300222635269165e-02,8.387530595064163208e-02,-4.623259231448173523e-02,1.159110441803932190e-01,-2.215881049633026123e-01,1.283399760723114014e-01,-4.014952480792999268e-02,-9.459459781646728516e-02,-5.608446523547172546e-02,4.464229196310043335e-02,-2.184831053018569946e-01,6.931511312723159790e-02,-1.029883138835430145e-02,-7.962396740913391113e-02,-7.111326605081558228e-02,-3.835086524486541748e-01,-2.140342593193054199e-01,1.065840572118759155e-01,-9.342797845602035522e-02,-1.670925319194793701e-01,2.224756032228469849e-02,-1.138096377253532410e-01,6.771735381335020065e-03,-4.592740908265113831e-02,7.433050125837326050e-02,8.353444188833236694e-02,5.849645473062992096e-03,-1.344103217124938965e-01,3.611639887094497681e-02,-1.879873573780059814e-01,-1.243703514337539673e-01,2.108917199075222015e-02,5.857158452272415161e-02,1.124946251511573792e-01,-5.130375549197196960e-02,1.137770935893058777e-01,1.127194091677665710e-01,1.377716064453125000e-01,-2.089018970727920532e-01,2.920131087303161621e-01,-1.438784897327423096e-01,-6.126254051923751831e-02,7.870663702487945557e-02,-2.802399545907974243e-02,-6.939740478992462158e-02,-2.054671496152877808e-01,-9.354491531848907471e-02,-1.452232599258422852e-01,1.265588998794555664e-01,1.168268546462059021e-01,-3.911872953176498413e-02,-1.097775250673294067e-01,1.303484439849853516e-01,3.943585976958274841e-02,-3.426693379878997803e-02,4.981158673763275146e-02,1.159119009971618652e-01,-4.358364641666412354e-02,-2.166938409209251404e-02,-1.692058742046356201e-01,-1.689768582582473755e-01,-1.499546878039836884e-02,-9.735073149204254150e-02,-1.317446082830429077e-01,-5.613407865166664124e-02,-5.047197639942169189e-02,1.785545349121093750e-01,1.351021081209182739e-01,-2.328551858663558960e-01,-4.718085005879402161e-02,-1.147570312023162842e-01,6.837989389896392822e-02,1.948786824941635132e-01,-9.715621173381805420e-02,1.621017456054687500e-01,-2.318838387727737427e-01,-2.113448977470397949e-01,-7.831013202667236328e-02,-2.236152738332748413e-01,8.530784398317337036e-02,-1.712044030427932739e-01,1.363157927989959717e-01,-6.044823303818702698e-02,1.012445092201232910e-01,-2.290297746658325195e-01,-1.064549759030342102e-01,-6.901830434799194336e-02,1.629522740840911865e-01,-4.361005127429962158e-02,-4.366302862763404846e-02,-1.061663106083869934e-01,-8.000277727842330933e-02,-6.686311215162277222e-02,-8.306620270013809204e-02,-1.635850667953491211e-01,4.273529350757598877e-02,9.512347728013992310e-02,3.019803948700428009e-02,-1.671133376657962799e-02,-1.374651491641998291e-01,-1.984666660428047180e-02,7.875137031078338623e-02,-5.594483390450477600e-02,-3.473034501075744629e-02,-1.139543429017066956e-01,-6.360132992267608643e-02,-1.620471291244029999e-02,-9.226721525192260742e-02,-1.223899200558662415e-01,-1.045149788260459900e-01,-2.314977900823578238e-04,2.629296295344829559e-02,1.125306822359561920e-02,1.294987201690673828e-01,1.422364562749862671e-01,4.682250693440437317e-02,-2.241327911615371704e-01,9.428527951240539551e-02,1.792432218790054321e-01,-8.370419591665267944e-02,-3.737428784370422363e-02,-1.125521957874298096e-01,-1.937831044197082520e-01,2.382531613111495972e-01,2.048279047012329102e-01,1.178839802742004395e-02,1.805745363235473633e-01,-7.779273390769958496e-02,3.533438965678215027e-02,-7.138565182685852051e-02,-6.027966737747192383e-02,1.056295111775398254e-01,-6.727487593889236450e-02,-1.165517494082450867e-01,1.299070864915847778e-01
-1.151093840599060059e-01,-1.225027665495872498e-01,8.320705965161323547e-03,-2.600092068314552307e-02,1.700346320867538452e-01,1.721212118864059448e-01,7.356273941695690155e-03,1.402302980422973633e-01,-2.541849389672279358e-02,-3.927265759557485580e-03,7.064626365900039673e-02,-7.709334790706634521e-02,-3.033339083194732666e-01,-7.700421847403049469e-03,3.935708082281053066e-04,-1.523942803032696247e-03,-1.659673824906349182e-02,-1.528210490942001343e-01,3.174676373600959778e-02,2.068052738904953003e-01,1.221982110291719437e-02,-1.783663779497146606e-01,1.277392357587814331e-02,7.784123718738555908e-02,-3.868206590414047241e-02,1.587040871381759644e-01,5.154919251799583435e-02,7.592562586069107056e-02,-2.289541363716125488e-01,1.428913772106170654e-01,-5.196115747094154358e-02,-1.472298949956893921e-01,1.610518991947174072e-01,-1.613291949033737183e-01,6.411350518465042114e-02,2.085720151662826538e-01,1.205744221806526184e-02,-1.264217048883438110e-01,4.021088592708110809e-03,4.419978708028793335e-02,-5.499836802482604980e-02,6.948443502187728882e-02,1.139244586229324341e-01,2.214471809566020966e-02,-1.354726850986480713e-01,3.798285499215126038e-02,-2.053726166486740112e-01,-5.033066868782043457e-02,4.054788649082183838e-01,1.724806129932403564e-01,1.012125536799430847e-01,3.959577530622482300e-02,5.078385025262832642e-02,2.908642590045928955e-02,-2.722633481025695801e-01,2.391673997044563293e-02,-2.503690123558044434e-02,4.386270418763160706e-02,7.262705266475677490e-02,-1.196476593613624573e-01,-1.313610970973968506e-01,2.824939787387847900e-01,1.452706456184387207e-01,-4.038911685347557068e-02,6.239254400134086609e-02,-7.723839581012725830e-02,1.209043189883232117e-01,5.159349739551544189e-02,1.271788328886032104e-01,-2.211287990212440491e-02,7.213959097862243652e-02,-1.294792592525482178e-01,1.337435562163591385e-02,3.333533182740211487e-03,-8.020077645778656006e-02,1.328168064355850220e-01,2.529856935143470764e-02,8.819224685430526733e-02,-7.864686101675033569e-02,2.054547518491744995e-01,-1.069417875260114670e-02,-1.312835514545440674e-02,4.100614786148071289e-02,2.332439869642257690e-01,4.010976478457450867e-02,8.997494727373123169e-02,-1.204632297158241272e-01,-7.038043439388275146e-02,5.616881698369979858e-02,4.737399984151124954e-03,-3.840384259819984436e-02,-3.001016750931739807e-02,-5.864321067929267883e-02,1.523364335298538208e-01,7.140517234802246094e-02,1.104431599378585815e-01,1.006474867463111877e-01,-2.350616455078125000e-01,1.343452632427215576e-01,-1.190891787409782410e-01,-1.915307715535163879e-02,-1.816879361867904663e-01,-1.389411743730306625e-02,-4.366384446620941162e-02,4.324672743678092957e-02,-6.220940127968788147e-02,7.565414160490036011e-02,1.199724674224853516e-01,-2.314449250698089600e-01,-2.027316242456436157e-01,-7.168723642826080322e-02,2.789080142974853516e-02,1.404644399881362915e-01,2.361588180065155029e-01,-1.280886381864547729e-01,1.040791571140289307e-01,8.882501721382141113e-02,-2.525930702686309814e-01,1.456803977489471436e-01,-2.648790776729583740e-01,-1.035519167780876160e-01,-2.884257435798645020e-01,5.660941451787948608e-02,3.383863866329193115e-01,-1.262779533863067627e-01,1.862022792920470238e-03,-1.323955357074737549e-01,-4.490934312343597412e-03,-1.226147264242172241e-01,4.382539540529251099e-02,-7.375796139240264893e-02,2.428668923676013947e-02,4.087215662002563477e-02,5.188613012433052063e-02,1.028821989893913269e-01,1.432975232601165771e-01,1.845010221004486084e-01,-2.770760282874107361e-02,-3.482999652624130249e-02,7.744767516851425171e-02,-1.084509938955307007e-01,1.154771894216537476e-01,2.656258642673492432e-01,6.916373036801815033e-03,-7.558333128690719604e-02,-1.221758592873811722e-02,4.413813725113868713e-02,-1.370434165000915527e-01,-9.716027975082397461e-02,3.936292603611946106e-02,7.317988574504852295e-02,1.237437799572944641e-01,-2.756479755043983459e-02,-1.028094962239265442e-01,-4.721263051033020020e-02,1.030559372156858444e-02,-4.193275794386863708e-02,-9.535703063011169434e-02,-9.974758327007293701e-02,-6.917456537485122681e-02,9.165370464324951172e-02,1.295861881226301193e-02,-8.360643871128559113e-03,3.091616742312908173e-02,-1.725713163614273071e-02,-1.592350751161575317e-01,3.537905216217041016e-02,-1.104759871959686279e-01,-8.388937264680862427e-02,4.256502911448478699e-02,2.583806514739990234e-01,8.611781895160675049e-02,1.303181052207946777e-01,-6.077853217720985413e-02,-1.099673509597778320e-01,9.204058349132537842e-02,1.172949001193046570e-01,-5.350354686379432678e-02,-9.847331792116165161e-02,-1.560051888227462769e-01,3.432126939296722412e-01,-1.289464682340621948e-01,-2.299048006534576416e-03,-1.388990879058837891e-02,-6.366882473230361938e-02,-1.074629053473472595e-01,-1.277977526187896729e-01,1.177954152226448059e-01,-1.645044982433319092e-01,-1.022866368293762207e-01,-2.871060073375701904e-01,-4.920089617371559143e-02,-1.499638706445693970e-01,1.041801348328590393e-01,-6.232714653015136719e-02,1.729483604431152344e-01,-2.220349013805389404e-01,1.275233179330825806e-02,1.254061609506607056e-01,7.612685859203338623e-02,2.241401821374893188e-01,-1.643683016300201416e-02,2.291651070117950439e-01,-2.706720232963562012e-01,-1.617779582738876343e-01,-7.553540915250778198e-02,-7.350003719329833984e-02,-5.765397101640701294e-02,9.075198322534561157e-03,-1.194734349846839905e-01,5.753627792000770569e-02,-1.250372380018234253e-01,-1.709588021039962769e-01,5.942711606621742249e-02,-1.357514709234237671e-01,-3.815058991312980652e-02,8.455449342727661133e-02,2.361527457833290100e-02,3.733915388584136963e-01,-3.033623099327087402e-01,6.397017091512680054e-02,4.091715905815362930e-03,-1.349380519241094589e-02,1.000609099864959717e-01,2.511753737926483154e-01,6.479643285274505615e-02,7.447808235883712769e-02,-2.633790075778961182e-01,3.459658473730087280e-02,1.483915187418460846e-02,-4.051792919635772705e-01,1.432316154241561890e-01,5.753901600837707520e-02,-1.112617477774620056e-01,2.229228764772415161e-01,-1.156256347894668579e-01,2.101704627275466919e-01,-2.139858305454254150e-01,1.616493016481399536e-01,1.200878713279962540e-02,-1.006386056542396545e-01,-1.061426699161529541e-01,-2.743108272552490234e-01,-4.055341780185699463e-01,5.813642963767051697e-02,-2.465963736176490784e-02,-1.184848509728908539e-02,1.481626927852630615e-01,-1.469852626323699951e-01,-3.201618194580078125e-01,-5.797889083623886108e-02,4.678900539875030518e-02,-4.110353067517280579e-03,-1.122493296861648560e-01,-2.312000244855880737e-01,1.905700750648975372e-02
-4.235067591071128845e-02,4.285695552825927734e-01,6.305152922868728638e-02,-1.536139547824859619e-01,-7.986510545015335083e-02,4.263163357973098755e-02,-2.467692494392395020e-01,-1.711702793836593628e-01,-8.232472836971282959e-02,7.000699639320373535e-02,6.970175309106707573e-04,-7.748138904571533203e-02,2.538797259330749512e-01,-2.617667615413665771e-01,-3.111323527991771698e-02,1.108783669769763947e-02,8.283891715109348297e-03,2.912956476211547852e-01,-9.228199720382690430e-02,-8.978658169507980347e-02,1.858901232481002808e-01,-5.393555760383605957e-02,-7.216536253690719604e-02,-2.124636620283126831e-01,-3.592015802860260010e-01,8.144330978393554688e-02,3.394688293337821960e-02,-1.415447294712066650e-01,1.257236003875732422e-01,-2.339955121278762817e-01,-1.436892747879028320e-01,3.093036822974681854e-02,-4.540767520666122437e-03,1.862338483333587646e-01,-2.893330715596675873e-02,5.276197195053100586e-02,1.174360737204551697e-01,-2.679269909858703613e-01,2.220364660024642944e-02,-2.082813233137130737e-01,-1.796842515468597412e-01,-2.421926110982894897e-01,-1.879841238260269165e-01,3.168026357889175415e-02,5.174405500292778015e-02,-1.122771576046943665e-01,-5.658024176955223083e-02,-2.187866531312465668e-02,5.075530335307121277e-02,2.533205747604370117e-01,-3.849833309650421143e-01,1.127125993371009827e-01,7.404300570487976074e-02,-5.131305456161499023e-01,1.747897565364837646e-01,-6.864815950393676758e-02,-1.439965069293975830e-01,-1.660500615835189819e-01,-5.131856203079223633e-01,1.846163719892501831e-01,-9.048123657703399658e-02,2.751556336879730225e-01,1.355490535497665405e-01,-8.127361652441322803e-04,9.186936914920806885e-02,1.395364254713058472e-01,1.244934946298599243e-01,7.053240388631820679e-02,7.984437979757785797e-03,-3.619688004255294800e-02,-2.296993881464004517e-01,-2.189408615231513977e-02,-1.047383323311805725e-01,-7.751670479774475098e-02,4.322505742311477661e-02,1.616965830326080322e-01,4.219112545251846313e-02,-1.251823306083679199e-01,3.483112528920173645e-02,4.805746302008628845e-02,1.391112152487039566e-02,-6.786458194255828857e-02,2.495782077312469482e-02,-6.607183814048767090e-02,-7.540713995695114136e-02,1.746932230889797211e-02,-1.927859038114547729e-01,1.117112040519714355e-01,-9.426622092723846436e-02,3.388520702719688416e-02,5.766286328434944153e-02,-5.659301578998565674e-02,2.968013882637023926e-01,-7.161028683185577393e-02,-9.097815304994583130e-02,-5.361209064722061157e-02,1.035044621676206589e-02,1.629038006067276001e-01,2.743816375732421875e-01,1.245880722999572754e-01,1.435022354125976562e-01,1.927689462900161743e-02,2.827258035540580750e-02,1.409548819065093994e-01,-1.520167663693428040e-02,3.791067004203796387e-02,-6.966277211904525757e-02,1.897759735584259033e-03,-3.664039820432662964e-02,-8.153790980577468872e-02,-1.914396286010742188e-01,-8.839162066578865051e-03,4.122550040483474731e-02,-4.328212887048721313e-02,-2.443525753915309906e-02,-1.383789535611867905e-02,2.231026589870452881e-01,-3.600769490003585815e-02,1.693234592676162720e-02,2.547852993011474609e-01,2.294048070907592773e-01,8.226495981216430664e-02,-1.265994161367416382e-01,-5.369476974010467529e-02,1.913743019104003906e-01,-1.466737836599349976e-01,-2.769750058650970459e-01,4.161213710904121399e-02,6.635516136884689331e-02,1.651377975940704346e-01,1.605253070592880249e-01,-1.011313423514366150e-01,-9.711345657706260681e-03,2.973013930022716522e-02,-6.814007461071014404e-02,-9.210672229528427124e-02,1.943322867155075073e-01,-1.719234324991703033e-02,9.193875640630722046e-02,1.285363137722015381e-01,1.598158180713653564e-01,2.049278914928436279e-01,1.381213366985321045e-01,-8.468457311391830444e-02,1.246809437870979309e-01,-1.298690587282180786e-01,1.118955090641975403e-01,-2.127922624349594116e-01,-7.801070809364318848e-02,-5.624344572424888611e-02,1.376916319131851196e-01,8.753346651792526245e-02,9.847421199083328247e-02,2.176271975040435791e-01,-3.874233458191156387e-03,1.229539141058921814e-01,1.142987757921218872e-01,-7.986439019441604614e-02,-2.630903199315071106e-02,1.691796183586120605e-01,1.333028376102447510e-01,-8.626737631857395172e-03,3.604996576905250549e-02,-4.506133124232292175e-02,1.676427423954010010e-01,1.064041480422019958e-01,1.000495813786983490e-02,2.931813523173332214e-02,-1.916688866913318634e-02,1.621167957782745361e-01,1.118162944912910461e-01,5.635933484882116318e-03,9.509043395519256592e-02,-9.754233807325363159e-02,1.060666367411613464e-01,2.562497742474079132e-02,7.398578524589538574e-02,-1.440643221139907837e-01,1.219213940203189850e-02,4.579299315810203552e-02,-1.350684612989425659e-01,-6.131309270858764648e-02,8.573094010353088379e-02,1.006611362099647522e-01,1.868597231805324554e-02,1.790785342454910278e-01,2.421858720481395721e-03,1.104406565427780151e-01,-1.089394278824329376e-02,-1.610891371965408325e-01,1.370043903589248657e-01,-7.175550609827041626e-02,-1.961866915225982666e-01,4.529896751046180725e-02,4.168812558054924011e-02,3.310771659016609192e-02,5.901889130473136902e-02,-9.938011318445205688e-02,-3.565662354230880737e-02,-2.312591485679149628e-02,-7.950838655233383179e-02,4.016217589378356934e-02,1.466398686170578003e-02,5.910117924213409424e-02,2.515288814902305603e-02,2.886875271797180176e-01,-2.210199832916259766e-02,-9.958400577306747437e-02,1.016032695770263672e-01,9.562153369188308716e-02,1.459004133939743042e-01,1.502982713282108307e-02,1.134457215666770935e-01,9.249588847160339355e-02,3.625387325882911682e-02,8.012260496616363525e-02,-2.258731722831726074e-01,-6.509368121623992920e-02,1.734119802713394165e-01,-6.148275732994079590e-02,-1.148855835199356079e-01,-1.301646828651428223e-01,-7.317011710256338120e-03,-3.925015218555927277e-03,-5.851917713880538940e-02,6.504552066326141357e-02,3.024889342486858368e-02,-3.464741632342338562e-02,1.787913292646408081e-01,5.444739013910293579e-03,1.055355295538902283e-01,6.310452520847320557e-02,6.472121924161911011e-02,9.851081669330596924e-02,4.943488538265228271e-02,-7.819962501525878906e-02,-6.885761860758066177e-03,9.242359548807144165e-02,1.235587671399116516e-01,8.120238035917282104e-02,8.129949122667312622e-02,-5.650931224226951599e-02,-1.936709508299827576e-02,-9.260335564613342285e-02,1.544757653027772903e-02,3.597741201519966125e-02,-6.194331869482994080e-02,-9.234444051980972290e-02,-8.951652050018310547e-02,-7.005306333303451538e-02,-1.502153426408767700e-01,-2.376592252403497696e-03,1.053251400589942932e-01,-1.442403495311737061e-01,9.013468772172927856e-02,2.928524836897850037e-02
7.015950512140989304e-03,2.629547417163848877e-01,-2.242719531059265137e-01,-4.810731858015060425e-02,-1.660440117120742798e-01,2.735917083919048309e-02,-5.072102695703506470e-02,-1.736549288034439087e-01,-4.568403959274291992e-02,-2.020535171031951904e-01,-8.726055175065994263e-02,-1.864152401685714722e-01,-3.559581190347671509e-02,-3.308536857366561890e-02,-1.029424071311950684e-01,7.792624831199645996e-02,1.503414362668991089e-01,-2.754111588001251221e-01,2.469877153635025024e-02,5.731832236051559448e-02,-1.084518283605575562e-01,-4.583002254366874695e-02,-4.726921394467353821e-02,1.155378073453903198e-01,1.821710169315338135e-01,-2.231699228286743164e-01,4.494373500347137451e-02,1.248748302459716797e-01,-5.147089958190917969e-01,6.686598644591867924e-04,-9.497078508138656616e-02,5.961780995130538940e-02,4.152219370007514954e-02,2.420357465744018555e-01,-3.376299515366554260e-02,4.899722523987293243e-03,-2.411197870969772339e-01,-6.920188665390014648e-02,-1.542701274156570435e-01,2.715338468551635742e-01,-7.702521048486232758e-03,9.281200170516967773e-02,9.851634502410888672e-02,1.006237268447875977e-01,-4.885663744062185287e-03,-7.003356236964464188e-03,3.835788741707801819e-02,1.169105470180511475e-01,1.859641261398792267e-02,2.057461254298686981e-02,-3.134597465395927429e-02,7.835915684700012207e-02,-9.466495364904403687e-02,1.512063294649124146e-01,5.258588492870330811e-02,2.646408975124359131e-01,-1.966595053672790527e-01,6.152310222387313843e-02,2.324591577053070068e-01,1.942059695720672607e-01,-2.186825126409530640e-01,4.316197708249092102e-02,1.010302305221557617e-01,-3.728492185473442078e-02,-8.359863609075546265e-02,-2.488863766193389893e-01,-6.533769518136978149e-02,7.355116307735443115e-02,9.382222592830657959e-02,-8.301384001970291138e-02,-4.451816901564598083e-02,7.339417189359664917e-02,1.799990087747573853e-01,-1.213243007659912109e-01,1.034243553876876831e-01,-3.993726149201393127e-02,-2.967866063117980957e-01,-9.373480081558227539e-02,-1.755094379186630249e-01,1.378755122423171997e-01,1.325372457504272461e-01,-2.585372328758239746e-01,1.181796342134475708e-01,1.666616052389144897e-01,7.199925929307937622e-02,1.334064174443483353e-02,7.922812551259994507e-02,-1.259582638740539551e-01,2.258798629045486450e-01,1.692641712725162506e-02,-3.041461296379566193e-02,4.976021498441696167e-02,-1.585774868726730347e-01,-1.517546325922012329e-01,4.864872992038726807e-02,7.908856123685836792e-02,-6.364971399307250977e-02,1.247089132666587830e-01,1.339273154735565186e-01,2.842935733497142792e-02,1.122002303600311279e-01,4.307192936539649963e-02,8.965025097131729126e-02,-5.354451388120651245e-02,1.018666103482246399e-01,1.704127490520477295e-01,6.505417078733444214e-02,1.474612057209014893e-01,2.346946001052856445e-01,-4.754251241683959961e-02,1.002755090594291687e-01,9.277875721454620361e-02,9.999273717403411865e-02,-4.122908785939216614e-02,2.049795836210250854e-01,-4.365746304392814636e-02,-1.942168362438678741e-02,5.646538361907005310e-02,-3.104035183787345886e-02,2.166369408369064331e-01,-5.511685460805892944e-02,1.383503675460815430e-01,1.902613639831542969e-01,-1.200827956199645996e-01,-1.035328060388565063e-01,6.869256496429443359e-02,1.164151281118392944e-01,-1.469602249562740326e-02,8.459994941949844360e-02,3.935570269823074341e-02,2.995478734374046326e-02,-1.462283283472061157e-01,2.489621043205261230e-01,-7.774749770760536194e-03,3.582679480314254761e-02,1.141816452145576477e-01,-1.214631125330924988e-01,2.296259626746177673e-02,6.939781457185745239e-02,-2.708157598972320557e-01,-5.116168782114982605e-02,-4.875661805272102356e-02,1.047014519572257996e-01,-6.301033496856689453e-02,-1.291347742080688477e-01,3.543899208307266235e-02,1.301250308752059937e-01,8.851185441017150879e-03,6.575352698564529419e-02,-1.182197481393814087e-01,1.171070337295532227e-01,-1.940543949604034424e-01,-2.735491842031478882e-03,2.370377928018569946e-01,-1.463710702955722809e-02,-2.658727467060089111e-01,-2.090386152267456055e-01,1.210184395313262939e-01,1.886976510286331177e-01,-2.383107095956802368e-01,-7.967339456081390381e-02,2.047559767961502075e-01,2.505005151033401489e-02,-1.516416389495134354e-02,-1.013885065913200378e-01,-2.496835589408874512e-01,1.272664666175842285e-01,-2.701156437397003174e-01,6.336856633424758911e-03,-1.508979708887636662e-03,-1.962236315011978149e-02,-2.798322439193725586e-01,1.245105117559432983e-01,2.124276757240295410e-01,-2.825228497385978699e-02,-1.921223998069763184e-01,3.472782671451568604e-01,6.187039241194725037e-02,-5.197051214054226875e-04,5.720387678593397141e-03,-4.079554677009582520e-01,-1.513382345438003540e-01,-1.143877208232879639e-01,-1.961750537157058716e-01,9.601389174349606037e-04,-2.659421861171722412e-01,-1.547280400991439819e-01,-1.987750530242919922e-01,-2.277178689837455750e-02,1.258563548326492310e-01,1.025904417037963867e-01,-2.591681778430938721e-01,-1.430263370275497437e-02,2.487902492284774780e-01,1.026883944869041443e-01,2.153376638889312744e-01,-2.748967707157135010e-01,-1.781535893678665161e-01,5.883019790053367615e-02,-1.678794622421264648e-01,2.686571776866912842e-01,-5.766741186380386353e-02,3.777445107698440552e-02,-1.967390626668930054e-01,-2.490773946046829224e-01,-3.563174232840538025e-02,4.727317765355110168e-02,-1.310638966970145702e-03,3.745960444211959839e-02,2.552868127822875977e-01,1.735309958457946777e-01,2.547891438007354736e-01,-1.047419458627700806e-01,-1.254260390996932983e-01,-9.026677161455154419e-02,-4.239729940891265869e-01,-1.266453117132186890e-01,1.303858011960983276e-01,1.679202914237976074e-01,-1.404336839914321899e-01,1.820340603590011597e-01,6.735926121473312378e-02,1.547211855649948120e-01,-2.009438537061214447e-02,8.020821958780288696e-02,7.416157424449920654e-02,3.483648300170898438e-01,-6.970717012882232666e-02,-1.618147045373916626e-01,-2.662965357303619385e-01,-9.248877316713333130e-02,-1.924916058778762817e-01,-2.770912647247314453e-02,-2.107550352811813354e-01,4.189380910247564316e-03,-1.952285170555114746e-01,7.617972791194915771e-02,-6.931349635124206543e-02,8.992912620306015015e-02,-3.151635229587554932e-01,5.538909882307052612e-02,8.533042669296264648e-02,-1.639452129602432251e-01,-1.324733346700668335e-01,-3.633222877979278564e-01,-1.418252885341644287e-01,6.087861582636833191e-02,-2.291314490139484406e-02,-2.829321920871734619e-01,-3.452779948711395264e-01,-6.549419462680816650e-02,-4.305031299591064453e-01,-2.637198567390441895e-01,5.760459229350090027e-02,-1.210380196571350098e-01,-1.127963736653327942e-01
-7.703737914562225342e-02,5.119198560714721680e-02,3.831874579191207886e-02,-1.419754475355148315e-01,1.434643268585205078e-01,-2.306209653615951538e-01,-1.038439720869064331e-01,2.249342203140258789e-02,-4.414893686771392822e-02,8.680179715156555176e-02,-8.434001356363296509e-02,8.149940520524978638e-02,-1.299673765897750854e-01,1.699567288160324097e-01,2.045102864503860474e-01,1.975495368242263794e-01,-1.479050703346729279e-02,3.907620161771774292e-02,-1.028866972774267197e-02,-2.982786670327186584e-02,1.820334196090698242e-01,-8.495232905261218548e-04,1.403392851352691650e-01,2.521021291613578796e-02,8.248843997716903687e-02,-5.520652607083320618e-02,-4.295552894473075867e-02,2.158465608954429626e-02,-9.745112806558609009e-02,2.105927616357803345e-01,2.185340970754623413e-01,2.543863840401172638e-02,-1.480964012444019318e-02,9.942005574703216553e-02,1.000853106379508972e-01,8.263425529003143311e-02,9.549362957477569580e-02,9.789121896028518677e-02,1.718095988035202026e-01,6.607774645090103149e-03,8.722651749849319458e-02,-5.812788754701614380e-02,-1.398765444755554199e-01,-1.669996827840805054e-01,-2.313852868974208832e-02,9.813285619020462036e-02,-1.172026386484503746e-03,8.187257684767246246e-03,-2.176846005022525787e-02,-1.123622059822082520e-02,1.325957626104354858e-01,-3.309794934466481209e-03,-1.979729086160659790e-01,-3.678678348660469055e-02,1.630739122629165649e-01,1.112484652549028397e-02,3.067557513713836670e-01,-9.278149902820587158e-02,-7.788128219544887543e-03,-1.862498670816421509e-01,-1.055664271116256714e-01,1.865276694297790527e-02,4.866895452141761780e-02,1.287145540118217468e-02,-8.093528449535369873e-02,5.060512572526931763e-02,-4.803020134568214417e-02,-2.633456587791442871e-01,3.321048021316528320e-01,-1.935294568538665771e-01,2.421273142099380493e-01,-1.234403029084205627e-01,-3.798761963844299316e-01,-2.319883853197097778e-01,-3.310818076133728027e-01,-1.582685858011245728e-01,3.103409893810749054e-02,1.312646418809890747e-01,1.088044568896293640e-01,-1.435493379831314087e-01,-1.783974766731262207e-01,6.722502293996512890e-04,-8.082871139049530029e-02,-4.075216874480247498e-02,-8.453104528598487377e-04,-2.326939851045608521e-01,2.129679918289184570e-01,-2.009633183479309082e-01,1.811318099498748779e-01,-1.433332413434982300e-01,-8.711560815572738647e-02,-1.880488842725753784e-01,-4.479777999222278595e-05,1.886252015829086304e-01,-1.936065219342708588e-02,-3.672139942646026611e-01,-1.919223815202713013e-01,5.711966007947921753e-02,-3.108844347298145294e-02,8.186492486856877804e-04,-7.338465005159378052e-02,-3.154526650905609131e-01,1.089733466506004333e-01,-1.318153440952301025e-01,6.882311403751373291e-02,2.208618074655532837e-02,6.949601322412490845e-02,-3.031982779502868652e-01,-1.825479418039321899e-01,-1.024368032813072205e-01,1.809812895953655243e-02,-8.712990581989288330e-02,8.533309213817119598e-03,1.181618589907884598e-02,1.316129863262176514e-01,2.557936124503612518e-02,9.073089808225631714e-03,-1.293676197528839111e-01,-2.654424607753753662e-01,-2.114858180284500122e-01,1.274922490119934082e-01,-2.251651138067245483e-01,-1.239605471491813660e-01,1.114058569073677063e-01,9.004136919975280762e-02,-1.969002485275268555e-01,-5.458275228738784790e-02,-1.021624878048896790e-01,-2.122448533773422241e-01,-3.569053485989570618e-02,-1.375033408403396606e-01,1.995552703738212585e-02,-2.329471409320831299e-01,-3.417337834835052490e-01,1.614467054605484009e-01,-9.873794391751289368e-03,-5.110342800617218018e-02,-1.430177837610244751e-01,3.879819437861442566e-02,-2.302871644496917725e-01,-9.007161110639572144e-02,6.682651489973068237e-02,-2.510506510734558105e-01,-5.308938026428222656e-01,-9.622956067323684692e-02,1.585610806941986084e-01,-1.378150284290313721e-01,4.887988418340682983e-02,-3.222419023513793945e-01,-6.488146781921386719e-01,1.484766751527786255e-01,-4.038357734680175781e-02,-1.339619606733322144e-01,1.677752882242202759e-01,1.136757805943489075e-01,-5.874626711010932922e-02,-1.060594469308853149e-01,1.167108342051506042e-01,-2.702142000198364258e-01,-2.265969663858413696e-01,-3.479072079062461853e-02,2.624348104000091553e-01,-2.085267901420593262e-01,-2.482138201594352722e-02,-2.897801399230957031e-01,-5.285792946815490723e-01,6.735010445117950439e-02,-2.589500248432159424e-01,-4.217205941677093506e-01,7.239870727062225342e-02,1.649342626333236694e-01,-2.196602523326873779e-02,-2.091567218303680420e-01,3.140100091695785522e-02,-3.705391287803649902e-02,-2.062833011150360107e-01,1.122365705668926239e-02,7.701876759529113770e-02,1.392698846757411957e-02,1.649475693702697754e-01,-2.882598340511322021e-02,-4.502697288990020752e-01,-2.247392944991588593e-02,-3.133346140384674072e-01,-4.368431568145751953e-01,-3.481766283512115479e-01,-4.525835812091827393e-01,5.204579606652259827e-02,-2.257025241851806641e-01,-4.356214776635169983e-02,-3.409773483872413635e-02,-2.326668053865432739e-01,2.561245299875736237e-02,-7.936957478523254395e-02,1.740101277828216553e-01,8.380709588527679443e-02,9.405742585659027100e-02,3.019718639552593231e-02,-1.932298541069030762e-01,1.343713700771331787e-01,2.185659855604171753e-01,3.241886198520660400e-02,1.999985873699188232e-01,1.598146408796310425e-01,-3.273294270038604736e-01,1.557179391384124756e-01,8.787930756807327271e-02,9.062082320451736450e-02,6.276244670152664185e-02,-1.229106858372688293e-01,-1.088874042034149170e-01,5.027404427528381348e-02,8.064410090446472168e-02,9.944569319486618042e-02,-1.074852570891380310e-01,1.023710668087005615e-01,-2.524702548980712891e-01,2.027621958404779434e-04,-1.168708130717277527e-01,8.865045011043548584e-02,-3.676510974764823914e-02,1.426037028431892395e-02,6.257376074790954590e-02,1.232309266924858093e-01,9.579877555370330811e-02,-5.203447863459587097e-02,-1.119715273380279541e-01,-5.336624011397361755e-02,7.897137850522994995e-02,-1.602688133716583252e-01,-9.651613235473632812e-02,9.201946854591369629e-02,-2.804540395736694336e-01,-2.425201535224914551e-01,-3.685681521892547607e-02,3.000531196594238281e-01,-1.156121268868446350e-01,6.992743164300918579e-02,-2.041771262884140015e-02,9.373816847801208496e-02,-2.513923943042755127e-01,-2.261048704385757446e-01,-1.346925944089889526e-01,-1.672377139329910278e-01,-1.131976395845413208e-01,-1.507409103214740753e-02,-1.342196017503738403e-02,1.922762840986251831e-01,4.770187288522720337e-02,-2.115797549486160278e-01,-1.517031788825988770e-01,3.375084400177001953e-01,-1.326344013214111328e-01,1.095396000891923904e-02,5.417549982666969299e-02,1.486446559429168701e-01
-2.386687397956848145e-01,-3.126281201839447021e-01,-9.318558499217033386e-03,-1.193909198045730591e-01,8.901990018784999847e-03,-6.087747588753700256e-02,2.875471487641334534e-02,2.218552529811859131e-01,1.814550906419754028e-01,-8.093302696943283081e-02,-9.950783103704452515e-02,1.889481693506240845e-01,4.729163367301225662e-03,-5.477126315236091614e-02,-6.744652520865201950e-03,3.705071657896041870e-02,-2.292227596044540405e-01,-1.557437181472778320e-01,1.677901595830917358e-01,-1.092099845409393311e-01,6.790686398744583130e-02,-5.999617278575897217e-02,6.041688844561576843e-02,2.285472154617309570e-01,2.137374132871627808e-02,-9.117178618907928467e-02,4.047254472970962524e-02,1.485800445079803467e-01,-1.077895760536193848e-01,-1.961252540349960327e-01,-8.673649281263351440e-02,1.899240911006927490e-01,2.150660753250122070e-01,-1.595939695835113525e-01,1.068796366453170776e-01,-5.095827579498291016e-02,1.266348063945770264e-01,1.536049246788024902e-01,8.908496797084808350e-02,8.243951946496963501e-02,5.657497048377990723e-02,4.556696489453315735e-02,2.350511997938156128e-01,1.429103016853332520e-01,8.941695094108581543e-02,-3.533009067177772522e-02,1.860342919826507568e-02,5.799229443073272705e-02,-1.836500018835067749e-01,-1.121127046644687653e-02,-3.068269044160842896e-02,-6.926783919334411621e-02,2.382242828607559204e-01,1.653046160936355591e-01,1.006434932351112366e-01,1.045213863253593445e-01,2.585170324891805649e-03,1.506462991237640381e-01,-6.760331243276596069e-02,7.920305430889129639e-02,1.797231733798980713e-01,-1.162349507212638855e-01,-2.371375262737274170e-02,2.486038021743297577e-02,7.106304168701171875e-02,1.951468177139759064e-02,-3.329265490174293518e-02,-2.077519148588180542e-01,1.025932207703590393e-01,1.208641473203897476e-02,-9.022643417119979858e-02,1.370609551668167114e-01,9.899130463600158691e-02,7.556720077991485596e-02,-1.513420417904853821e-02,-1.103795021772384644e-01,-2.853389680385589600e-01,3.794088587164878845e-02,1.019035950303077698e-01,-8.204437792301177979e-02,5.189720541238784790e-02,1.519366949796676636e-01,7.196690887212753296e-02,-1.452322751283645630e-01,-2.355802655220031738e-01,-1.050765663385391235e-01,-7.515455782413482666e-02,1.067473813891410828e-01,1.844674721360206604e-02,-1.783209443092346191e-01,-4.064572602510452271e-02,-4.958774149417877197e-02,2.205910831689834595e-01,3.605296835303306580e-02,-1.092481240630149841e-01,-1.482988297939300537e-01,1.507454067468643188e-01,-2.868397161364555359e-02,-1.082792729139328003e-01,-1.375688463449478149e-01,1.315796747803688049e-02,-1.186814531683921814e-01,1.338557340204715729e-02,-1.854112953878939152e-03,1.672827005386352539e-01,-1.736840792000293732e-02,-5.387749057263135910e-03,-2.667766623198986053e-02,-1.823914051055908203e-01,9.980802983045578003e-02,6.548597663640975952e-02,-3.129126504063606262e-02,-1.131232529878616333e-01,1.893755644559860229e-01,-1.885302662849426270e-01,3.133124485611915588e-02,2.927585877478122711e-02,1.398485600948333740e-01,1.396030932664871216e-01,-1.374531537294387817e-01,2.070353738963603973e-02,1.190471872687339783e-01,1.156764104962348938e-02,-2.973914891481399536e-02,1.387928426265716553e-02,1.452400628477334976e-02,-1.343507766723632812e-01,4.275023192167282104e-02,-7.300537079572677612e-02,1.096417754888534546e-01,5.454079434275627136e-02,-2.513842284679412842e-01,-1.059550568461418152e-01,-2.075868993997573853e-01,-2.396251261234283447e-02,-2.791502475738525391e-01,-1.107557415962219238e-01,-2.935966551303863525e-01,-1.242561787366867065e-01,1.702688075602054596e-02,2.524367570877075195e-01,-1.314023789018392563e-02,6.765109300613403320e-02,-4.241373017430305481e-02,-1.598166376352310181e-01,-3.799428790807723999e-02,-5.589792504906654358e-02,-2.251195013523101807e-01,-1.479063648730516434e-02,-1.746622025966644287e-01,-1.648944169282913208e-01,-1.192540004849433899e-01,-2.015153877437114716e-02,-6.230848655104637146e-02,-1.550006419420242310e-01,5.933661386370658875e-02,1.668016165494918823e-01,3.146629035472869873e-02,-1.521718800067901611e-01,2.015994638204574585e-01,3.453176617622375488e-01,-7.553104311227798462e-02,1.728866249322891235e-02,-7.828962802886962891e-02,8.262738585472106934e-03,-8.969714492559432983e-02,-2.330327183008193970e-01,-2.687539905309677124e-02,-2.177276462316513062e-02,7.752447854727506638e-03,1.430597901344299316e-01,1.823494732379913330e-01,-2.468893229961395264e-01,-1.828453391790390015e-01,-1.180887073278427124e-01,-1.280833929777145386e-01,-2.413565292954444885e-02,-4.888819158077239990e-02,-4.877589643001556396e-02,-6.798357702791690826e-03,5.189365521073341370e-02,-1.076328009366989136e-01,-1.895723678171634674e-02,4.529871791601181030e-02,-2.611069381237030029e-01,-8.249978721141815186e-02,1.468899846076965332e-02,-3.682816028594970703e-02,1.784956827759742737e-02,2.744368650019168854e-02,-1.234933137893676758e-01,-2.278458029031753540e-01,-1.882646530866622925e-01,9.441343694925308228e-02,-1.854852400720119476e-02,-1.015727818012237549e-01,-1.217842698097229004e-01,1.391698122024536133e-01,-3.943139687180519104e-02,-6.864053755998611450e-02,1.289158463478088379e-01,-2.732626199722290039e-01,1.318858861923217773e-01,4.148565605282783508e-02,-4.561251401901245117e-02,-1.878180541098117828e-02,-2.794305384159088135e-01,-9.110100567340850830e-02,-3.478269279003143311e-02,-6.438088417053222656e-02,1.053867954760789871e-02,-7.209587842226028442e-02,6.811197847127914429e-03,1.903718337416648865e-02,-1.958645321428775787e-02,1.826055496931076050e-01,3.064936213195323944e-02,-6.048572808504104614e-02,1.103244796395301819e-01,-1.424405723810195923e-01,-9.794065356254577637e-02,-1.327191442251205444e-01,1.553700119256973267e-01,3.947139251977205276e-03,1.303055137395858765e-01,9.473822079598903656e-03,-1.139946132898330688e-01,4.117173328995704651e-02,3.719107806682586670e-02,-2.779054641723632812e-02,-4.289049282670021057e-02,-1.431451290845870972e-01,-6.632565520703792572e-03,-6.118477880954742432e-02,-1.190432533621788025e-02,-2.075323760509490967e-01,8.302689343690872192e-02,-1.357688307762145996e-01,2.256083637475967407e-01,-3.162972331047058105e-01,5.945423245429992676e-02,9.724970161914825439e-02,-1.729081720113754272e-01,-9.223335236310958862e-02,1.427709758281707764e-01,4.238379746675491333e-02,1.533723622560501099e-01,-2.560893446207046509e-02,7.392824441194534302e-02,-1.782137155532836914e-01,-1.516195088624954224e-01,-2.406623363494873047e-01,-6.245384365320205688e-02,-1.955997757613658905e-02,-8.101272978819906712e-04,-1.670824140310287476e-01
1.629296541213989258e-01,-1.238061860203742981e-01,1.758526563644409180e-01,-9.504783898591995239e-02,1.369900405406951904e-01,2.795977294445037842e-01,-1.236655190587043762e-01,1.433981209993362427e-01,9.392932057380676270e-02,6.171737611293792725e-02,2.161521911621093750e-01,1.219047084450721741e-01,-2.478060498833656311e-02,-8.321151882410049438e-02,1.561716049909591675e-01,7.617951929569244385e-02,-2.024061530828475952e-01,-2.074710838496685028e-02,-1.832627356052398682e-01,-1.945853047072887421e-02,2.789959013462066650e-01,1.813397929072380066e-02,3.959203138947486877e-02,1.181922182440757751e-01,-4.163894802331924438e-02,-1.816589199006557465e-02,-1.006158515810966492e-01,-3.971390053629875183e-02,1.851116120815277100e-01,-1.085775941610336304e-01,3.829121589660644531e-02,-1.598242074251174927e-01,-1.481587253510951996e-02,-1.185446307063102722e-01,7.635548710823059082e-02,-2.033682912588119507e-02,1.525376141071319580e-01,-1.130582317709922791e-01,1.267367154359817505e-01,8.030590415000915527e-02,1.293462216854095459e-01,-1.986653506755828857e-01,-1.041260808706283569e-01,-1.652386598289012909e-02,-1.607184410095214844e-01,6.121009215712547302e-02,4.708568751811981201e-02,8.164824545383453369e-02,-5.510858818888664246e-02,-6.730435788631439209e-02,-7.858615368604660034e-02,3.580985590815544128e-02,7.006770931184291840e-03,-2.040359526872634888e-01,3.863656818866729736e-01,1.584161072969436646e-01,-2.281649559736251831e-01,-4.869301244616508484e-02,-2.637898325920104980e-01,1.325809508562088013e-01,-1.002914533019065857e-01,1.056955084204673767e-01,-3.554720804095268250e-02,6.837357580661773682e-02,1.335154473781585693e-01,-2.102357521653175354e-02,1.228131353855133057e-01,6.202378869056701660e-02,5.607515200972557068e-02,2.546259574592113495e-02,-3.228239715099334717e-02,-2.423875480890274048e-01,-8.330791443586349487e-02,-7.903616875410079956e-02,2.108508199453353882e-01,-3.834701701998710632e-02,-2.705125808715820312e-01,-2.464674599468708038e-02,-1.096984953619539738e-03,5.554207414388656616e-02,-2.360962182283401489e-01,-1.087544932961463928e-01,-6.293234229087829590e-02,-3.008119761943817139e-02,-2.919913083314895630e-02,-3.559227660298347473e-02,-1.624138057231903076e-01,9.169171750545501709e-02,1.974556781351566315e-02,-5.645967647433280945e-02,9.905486553907394409e-02,4.452813044190406799e-02,-9.171675890684127808e-02,1.004376038908958435e-01,1.958689838647842407e-01,9.051116555929183960e-02,1.413567066192626953e-01,-1.788244992494583130e-01,4.658663272857666016e-02,-1.807912834919989109e-03,-1.245167776942253113e-01,-1.131521835923194885e-01,1.057967990636825562e-01,3.678444400429725647e-02,2.208393439650535583e-02,-1.495712697505950928e-01,-1.380618661642074585e-01,1.222946401685476303e-02,5.975943803787231445e-02,-2.452126331627368927e-02,-4.042614623904228210e-02,-3.861886635422706604e-02,-1.711328029632568359e-01,1.807169802486896515e-02,-2.388661503791809082e-01,-6.346201896667480469e-02,6.773206591606140137e-02,-1.132740750908851624e-01,2.112582623958587646e-01,1.637686789035797119e-01,5.691856518387794495e-02,-5.569997057318687439e-02,-1.744849979877471924e-01,-1.294891834259033203e-01,9.396806359291076660e-03,-7.365887612104415894e-02,4.454134032130241394e-02,1.442293450236320496e-02,-2.239856868982315063e-02,1.759095638990402222e-01,-3.718724101781845093e-02,-2.014914751052856445e-01,-1.882548183202743530e-01,-5.980396643280982971e-02,3.183772787451744080e-02,-8.758319169282913208e-02,-2.195265442132949829e-01,-1.163754239678382874e-01,-3.886765241622924805e-02,-1.428262982517480850e-02,-7.261514663696289062e-02,1.815631538629531860e-01,4.026466235518455505e-02,-8.542519062757492065e-02,1.486631035804748535e-01,2.550662457942962646e-01,-3.323289379477500916e-02,-1.669570505619049072e-01,2.379733882844448090e-02,6.963139772415161133e-02,-3.762357868254184723e-03,-1.728385239839553833e-01,-8.276935666799545288e-02,1.058639138936996460e-01,6.469723582267761230e-02,-1.331683248281478882e-01,-1.990780979394912720e-02,3.374894335865974426e-02,-1.323115974664688110e-01,-8.150378614664077759e-02,-3.065306246280670166e-01,-2.231799066066741943e-01,-2.228812724351882935e-01,3.349901735782623291e-02,-7.441662251949310303e-02,-6.662406027317047119e-02,1.311328634619712830e-02,1.211688444018363953e-01,-2.631672471761703491e-02,2.205199375748634338e-02,-2.075617462396621704e-01,-3.067865967750549316e-02,5.914556235074996948e-02,-1.613697558641433716e-01,8.176048845052719116e-02,8.766373246908187866e-02,-3.292155563831329346e-01,6.046914309263229370e-02,-7.069668918848037720e-02,1.889791712164878845e-02,8.192481100559234619e-02,1.690572202205657959e-01,1.553509235382080078e-01,2.489851713180541992e-01,1.549542099237442017e-01,-9.510802477598190308e-02,-6.647771596908569336e-02,-1.252917945384979248e-01,8.077093958854675293e-02,-7.559385150671005249e-02,-2.106704711914062500e-01,4.301706328988075256e-02,-8.287551463581621647e-04,2.376872599124908447e-01,-1.497669667005538940e-01,-1.524819433689117432e-01,-2.769388258457183838e-01,-1.586606204509735107e-01,-2.219688706099987030e-02,-4.814202431589365005e-03,-1.496113389730453491e-01,-1.125760599970817566e-01,-1.459779143333435059e-01,-5.711321905255317688e-02,5.205500498414039612e-02,2.292067371308803558e-02,-1.477128267288208008e-01,4.881102219223976135e-02,-1.972332447767257690e-01,1.459888070821762085e-01,-9.364619106054306030e-02,-3.288036584854125977e-02,-2.295819371938705444e-01,1.122058033943176270e-01,-1.276881396770477295e-01,8.702235668897628784e-02,2.429129183292388916e-02,-4.414368048310279846e-02,3.077178820967674255e-02,2.583334967494010925e-02,1.653153598308563232e-01,-2.737470157444477081e-02,-5.900345742702484131e-02,8.633775264024734497e-02,-2.272961586713790894e-01,-7.816467434167861938e-02,-6.199171394109725952e-02,2.363511174917221069e-01,-1.551357209682464600e-01,4.121510684490203857e-02,4.655511677265167236e-02,3.613353967666625977e-01,7.882609218358993530e-02,1.800823807716369629e-01,-2.184162586927413940e-01,5.747115984559059143e-02,-1.062688529491424561e-01,-6.859146058559417725e-02,-6.724204123020172119e-02,-5.244967713952064514e-02,-7.048623263835906982e-02,3.777460008859634399e-02,2.021539509296417236e-01,1.661422252655029297e-01,-7.496078033000230789e-03,-3.228002786636352539e-02,2.320615388453006744e-02,-2.680220082402229309e-02,2.484541386365890503e-01,2.325437963008880615e-01,3.115142881870269775e-02,5.460622534155845642e-02,1.407308280467987061e-01,-2.428353950381278992e-02,-5.008732154965400696e-02,-1.110042259097099304e-01
1.826438009738922119e-01,-3.514007627964019775e-01,5.086960271000862122e-02,9.034539572894573212e-03,-1.116108372807502747e-01,6.976716965436935425e-02,2.470476552844047546e-02,-1.625748127698898315e-01,-7.282479852437973022e-02,9.250440448522567749e-02,-1.053655892610549927e-01,-1.100258007645606995e-01,1.222219690680503845e-01,1.125260442495346069e-01,-1.165155395865440369e-01,-7.574510760605335236e-03,1.912880688905715942e-01,-1.086179465055465698e-01,-1.209277138113975525e-01,-1.301316916942596436e-01,-9.347771108150482178e-02,-7.165258377790451050e-02,8.281139284372329712e-02,-1.589470058679580688e-01,-3.136518597602844238e-02,-2.171458601951599121e-01,3.497499600052833557e-02,-3.391637653112411499e-02,2.195310592651367188e-02,-6.758192926645278931e-02,4.517208784818649292e-02,1.377135813236236572e-01,-8.074243366718292236e-02,-8.209381252527236938e-02,-1.201278492808341980e-01,-1.523577570915222168e-01,-1.828751713037490845e-01,-1.029304340481758118e-01,-1.294183880090713501e-01,5.655816569924354553e-02,1.615956574678421021e-01,-1.445244699716567993e-01,-1.837491244077682495e-02,-1.033884435892105103e-01,1.830592751502990723e-01,-1.475210636854171753e-01,4.178571328520774841e-02,-1.483039259910583496e-01,-1.971994042396545410e-01,-3.685699403285980225e-02,-2.751235961914062500e-01,-8.896857500076293945e-02,-1.261064261198043823e-01,-1.496212184429168701e-01,2.194347679615020752e-01,2.457733452320098877e-02,-6.669894605875015259e-02,-8.434813469648361206e-02,-2.677232921123504639e-01,1.230737119913101196e-01,-1.284763664007186890e-01,1.555507034063339233e-01,6.736323237419128418e-02,-3.129702433943748474e-02,-1.182274967432022095e-01,-1.827834248542785645e-01,-1.105841100215911865e-01,1.385176330804824829e-01,4.175068438053131104e-02,1.094941422343254089e-01,-8.364754170179367065e-02,-6.293339654803276062e-03,9.108444303274154663e-02,-4.154406953603029251e-03,4.012354835867881775e-02,5.422262102365493774e-02,-2.162337303161621094e-01,-1.687385290861129761e-01,-5.200373753905296326e-02,-9.747534990310668945e-03,-9.452391532249748707e-04,-1.311485022306442261e-01,9.352931380271911621e-02,1.656925231218338013e-01,1.867537945508956909e-01,1.679697781801223755e-01,4.331211559474468231e-03,1.713941544294357300e-01,4.247133806347846985e-02,1.325580291450023651e-02,3.670539334416389465e-02,-1.165130063891410828e-01,-2.372710257768630981e-01,-1.405020058155059814e-02,2.449555322527885437e-02,-7.283362746238708496e-02,-1.091968342661857605e-01,6.643093377351760864e-02,-1.141601651906967163e-01,-1.148799359798431396e-01,-1.922027319669723511e-01,1.127560660243034363e-01,-3.094459511339664459e-02,3.567913081496953964e-03,-1.550011634826660156e-01,-1.606885530054569244e-02,-6.360217183828353882e-02,-1.735442876815795898e-01,-6.774547696113586426e-02,-1.489066630601882935e-01,-9.772332012653350830e-02,1.854208111763000488e-02,4.228214174509048462e-02,-2.637777663767337799e-02,-2.669733464717864990e-01,-1.110871508717536926e-01,6.005844101309776306e-02,-7.571521401405334473e-02,6.755348294973373413e-02,2.519980967044830322e-01,-7.891125977039337158e-03,-1.530418843030929565e-01,5.884366109967231750e-02,-1.936803907155990601e-01,-1.963567882776260376e-01,-4.200125485658645630e-02,3.251288458704948425e-02,7.233099639415740967e-02,-8.345177024602890015e-02,1.421465873718261719e-01,1.024294048547744751e-01,2.307996749877929688e-01,-1.732879579067230225e-01,-8.883433789014816284e-02,1.063020005822181702e-01,-3.507673391140997410e-04,2.224656753242015839e-02,1.130811944603919983e-01,1.012685522437095642e-01,-1.969761550426483154e-01,-8.672507852315902710e-02,2.198985069990158081e-01,-1.250838339328765869e-01,-8.757088333368301392e-02,-2.634090604260563850e-03,1.130606755614280701e-01,3.891310468316078186e-02,1.876486390829086304e-01,3.330594301223754883e-02,-3.458944335579872131e-02,4.920707084238529205e-03,-3.387818485498428345e-02,6.817533075809478760e-02,8.599533885717391968e-02,7.092890888452529907e-02,-7.438430190086364746e-02,-1.593594253063201904e-01,6.927872449159622192e-02,1.959412246942520142e-01,-1.077405642718076706e-02,-1.226447615772485733e-02,4.432570561766624451e-02,-2.067128941416740417e-02,-1.269048750400543213e-01,-2.533015012741088867e-01,2.021920680999755859e-02,-3.182618692517280579e-02,2.472795546054840088e-02,7.663526386022567749e-02,8.920386433601379395e-02,5.477392114698886871e-03,-3.289687335491180420e-01,-7.066397368907928467e-02,-1.351173967123031616e-01,-5.910124257206916809e-02,-5.471953377127647400e-02,-1.483004633337259293e-02,-2.508704178035259247e-02,-2.440710924565792084e-02,1.217207754962146282e-03,-7.972722500562667847e-02,-7.038995623588562012e-03,-9.841198474168777466e-02,-8.223812282085418701e-02,1.777647286653518677e-01,9.860797971487045288e-02,3.666027635335922241e-02,-2.111520320177078247e-01,1.594372279942035675e-02,-9.194088727235794067e-02,-1.599793285131454468e-01,-1.543206572532653809e-01,-7.973445206880569458e-02,-1.569287925958633423e-01,1.011333391070365906e-01,-5.702126026153564453e-02,1.332391053438186646e-01,1.825042627751827240e-02,-4.721374437212944031e-02,6.570824980735778809e-02,-1.603812873363494873e-01,-1.874855533242225647e-02,1.733131110668182373e-01,-7.629025727510452271e-02,-2.153626382350921631e-01,-5.978675186634063721e-02,1.214116811752319336e-01,2.080200053751468658e-02,-3.862002119421958923e-02,1.720249205827713013e-01,-9.041046351194381714e-02,-2.077436149120330811e-01,-1.555015295743942261e-01,-9.417666494846343994e-02,-1.457681953907012939e-01,-2.166455686092376709e-01,-1.326102614402770996e-01,1.765543520450592041e-01,3.773190453648567200e-02,-4.943383857607841492e-02,-5.380945745855569839e-03,-1.019454970955848694e-01,3.377968072891235352e-02,-7.472602277994155884e-02,1.064580753445625305e-01,-2.570924162864685059e-01,3.439903631806373596e-02,1.486209034919738770e-01,-1.940830349922180176e-01,9.673492610454559326e-02,-3.439294099807739258e-01,-2.419137954711914062e-02,1.693679839372634888e-01,7.994160801172256470e-02,5.613131076097488403e-02,1.005344316363334656e-01,1.637016609311103821e-02,-7.626276463270187378e-02,-3.474150970578193665e-02,-1.548706144094467163e-01,1.426740586757659912e-01,1.225675567984580994e-01,5.783307552337646484e-02,1.669769436120986938e-01,2.900923043489456177e-02,-3.905937448143959045e-02,-1.697007566690444946e-01,2.727569825947284698e-02,-4.758659750223159790e-02,1.840821653604507446e-01,1.129272058606147766e-01,7.813751697540283203e-02,-1.386004872620105743e-02,5.593511834740638733e-02,9.238713234663009644e-02,-8.655601181089878082e-03
-1.132581755518913269e-01,-4.437493905425071716e-02,-9.313337504863739014e-02,-1.135494336485862732e-01,-5.378904193639755249e-02,9.498552978038787842e-02,-1.335873361676931381e-02,-1.244515925645828247e-01,-1.139878667891025543e-02,-7.485276460647583008e-02,5.163272842764854431e-02,-7.033949345350265503e-02,-4.945622012019157410e-02,-7.026314735412597656e-02,-5.834252387285232544e-02,3.868737956508994102e-03,-1.038444787263870239e-01,-1.075398325920104980e-01,1.480097416788339615e-02,-5.483945086598396301e-02,-9.910287708044052124e-02,-6.487298756837844849e-02,-4.869895055890083313e-02,6.314544379711151123e-02,1.777085475623607635e-02,-1.522344350814819336e-01,1.903011649847030640e-02,7.186958938837051392e-02,5.274152010679244995e-02,4.193757101893424988e-02,9.716922789812088013e-02,1.811291463673114777e-02,8.883649855852127075e-02,-1.134660989046096802e-01,-4.327201098203659058e-02,-1.405056416988372803e-01,8.615595102310180664e-02,-8.215479552745819092e-03,5.149510130286216736e-02,-5.882911011576652527e-02,6.230643764138221741e-02,-1.899458765983581543e-01,1.413113437592983246e-02,-1.544200628995895386e-01,-4.527033492922782898e-02,4.889278486371040344e-02,6.962234620004892349e-03,6.818989664316177368e-02,-1.204289644956588745e-01,-6.937424838542938232e-02,-7.478363066911697388e-02,-1.178779155015945435e-01,-9.014062583446502686e-02,-1.201892793178558350e-01,-3.930871933698654175e-02,-7.234148681163787842e-02,-4.620301350951194763e-02,-5.125427246093750000e-02,-1.037838906049728394e-01,-2.217362262308597565e-02,-1.552205085754394531e-01,-1.373204123228788376e-02,8.754260838031768799e-02,-1.342121660709381104e-01,9.579039178788661957e-03,9.349450469017028809e-02,-8.430723845958709717e-02,-6.166047602891921997e-02,1.170650571584701538e-01,-1.222911849617958069e-01,1.592651382088661194e-02,5.519407615065574646e-02,-1.178175583481788635e-01,4.057079553604125977e-02,-1.843860596418380737e-01,3.931724932044744492e-03,-3.858618065714836121e-02,-8.222228288650512695e-02,2.153518982231616974e-02,-1.061365827918052673e-01,-8.528761565685272217e-02,-1.567785292863845825e-01,8.307379484176635742e-02,-4.715024679899215698e-02,-9.639491140842437744e-02,1.258701980113983154e-01,-3.538920078426599503e-03,-1.462326645851135254e-01,-7.898613065481185913e-02,-2.660181559622287750e-02,-3.867353871464729309e-02,-8.133181929588317871e-02,-7.698656618595123291e-02,-9.231030195951461792e-02,-1.624067425727844238e-01,-1.642733067274093628e-01,-1.022697314620018005e-01,-4.465656727552413940e-02,-5.800852924585342407e-02,-4.857930354773998260e-03,-7.433472573757171631e-02,6.022676825523376465e-02,-1.187355220317840576e-01,-1.050021648406982422e-01,9.814573824405670166e-02,5.675542727112770081e-02,-1.630162894725799561e-01,-7.154063880443572998e-02,4.531688243150711060e-02,-1.253757327795028687e-01,-1.058812215924263000e-01,-4.579929634928703308e-03,-6.981383264064788818e-02,-1.516923755407333374e-01,-1.312186121940612793e-01,-1.352978199720382690e-01,7.918328791856765747e-02,-1.093309000134468079e-01,-1.358368247747421265e-01,9.678510576486587524e-02,-1.242039576172828674e-01,-6.581541150808334351e-02,-8.673115074634552002e-02,-1.134486347436904907e-01,1.049986109137535095e-01,7.522644847631454468e-02,-4.489765316247940063e-02,-1.151280850172042847e-01,-1.137645542621612549e-01,8.693611621856689453e-02,7.148630917072296143e-02,1.291019767522811890e-01,1.674168184399604797e-02,6.841379404067993164e-02,2.344325184822082520e-02,1.287539768964052200e-02,1.709969714283943176e-02,3.631081059575080872e-02,-5.472840368747711182e-02,-5.353374406695365906e-02,-7.102712243795394897e-02,5.731011182069778442e-02,1.024842411279678345e-01,-8.125627413392066956e-03,-8.039046823978424072e-02,8.168439962901175022e-04,-7.225932925939559937e-02,-1.156143099069595337e-02,7.648161146789789200e-03,-1.438164412975311279e-01,-1.335823982954025269e-01,-2.514345943927764893e-02,-1.691453903913497925e-02,-8.571083098649978638e-02,-1.305349320173263550e-01,-2.262827381491661072e-02,-6.622022390365600586e-02,7.321573048830032349e-02,-3.663277626037597656e-02,-2.309982478618621826e-02,-2.174245864152908325e-01,3.636553883552551270e-02,1.097343638539314270e-01,6.065426021814346313e-02,-6.535863876342773438e-02,-4.510761797428131104e-02,3.640659153461456299e-02,-9.360172599554061890e-02,2.052856236696243286e-02,8.309585042297840118e-03,8.690919727087020874e-02,-5.520338937640190125e-02,-1.332511454820632935e-01,-1.671966463327407837e-01,6.843334529548883438e-03,-1.473948825150728226e-02,9.913711994886398315e-02,-1.194509044289588928e-01,-1.185792088508605957e-01,1.093106903135776520e-02,-9.707417339086532593e-02,1.481973007321357727e-02,-1.193841695785522461e-01,-6.926247477531433105e-02,-1.510148644447326660e-01,-8.241605013608932495e-02,-8.449723571538925171e-02,-1.072590146213769913e-02,6.029292941093444824e-02,7.287055253982543945e-02,7.278303802013397217e-02,1.199141740798950195e-01,8.726156502962112427e-02,-1.306520402431488037e-01,-3.573485463857650757e-02,-4.997062310576438904e-02,3.272089734673500061e-02,2.127349143847823143e-03,-9.402185678482055664e-02,1.317302789539098740e-02,4.159490019083023071e-02,-5.360956862568855286e-02,-5.660650506615638733e-02,-4.591932147741317749e-02,6.067463383078575134e-02,-9.466119855642318726e-02,2.826344780623912811e-02,-3.678166866302490234e-02,-4.781740158796310425e-02,5.341552197933197021e-02,-1.495298892259597778e-01,6.715798377990722656e-02,4.065226018428802490e-02,-5.328778922557830811e-02,-1.049491688609123230e-01,6.728339940309524536e-02,7.900173217058181763e-02,-1.523152831941843033e-02,2.703120931982994080e-02,5.482391640543937683e-02,-1.470007468014955521e-02,8.248642832040786743e-02,4.885255545377731323e-02,-1.601775288581848145e-01,4.930520430207252502e-02,-4.987375810742378235e-02,-1.332605723291635513e-02,-1.131474897265434265e-01,-6.085327640175819397e-02,-1.137885078787803650e-01,3.018398582935333252e-02,4.967487603425979614e-02,-1.439910680055618286e-01,-8.327472209930419922e-02,-4.726299270987510681e-02,-1.350325644016265869e-01,2.350778691470623016e-02,-2.027958445250988007e-02,1.165283173322677612e-01,5.490151420235633850e-02,-1.038214415311813354e-01,-7.499153912067413330e-02,5.838240031152963638e-03,-1.221107132732868195e-02,-4.065556079149246216e-02,-8.372353762388229370e-02,3.367715328931808472e-02,-5.131306126713752747e-02,9.190046787261962891e-02,-4.578727821353822947e-04,3.353926818817853928e-03,7.919897139072418213e-02,-3.511236608028411865e-02,-1.205406114459037781e-01,-1.295609213411808014e-02,9.266424924135208130e-03
1.394057739526033401e-02,-1.441645473241806030e-01,-1.949301958084106445e-01,-9.676888585090637207e-03,-9.197793155908584595e-02,-8.892614394426345825e-02,1.390919536352157593e-01,-9.045626968145370483e-02,-1.423360556364059448e-01,-3.985295295715332031e-01,-5.168118327856063843e-02,-1.087181270122528076e-01,-2.670380473136901855e-01,2.265748828649520874e-01,-4.160663112998008728e-02,-1.537305265665054321e-01,-1.285680383443832397e-01,-1.622340232133865356e-01,-9.031204879283905029e-02,6.004089489579200745e-02,-1.824449449777603149e-01,-1.247486323118209839e-01,-8.728807419538497925e-02,-3.102578036487102509e-02,1.264671832323074341e-01,-1.408577561378479004e-01,2.184109017252922058e-02,5.355922132730484009e-02,-2.551777064800262451e-01,1.129551231861114502e-01,-1.140702217817306519e-01,-8.994072675704956055e-02,5.818744655698537827e-03,-1.175173297524452209e-01,1.318839192390441895e-01,-1.506976224482059479e-02,-7.892302423715591431e-02,6.661979854106903076e-02,3.699567168951034546e-02,1.276305168867111206e-01,3.494751080870628357e-02,2.169563621282577515e-01,-5.461093410849571228e-02,2.139046043157577515e-02,-3.115366026759147644e-02,-1.984129548072814941e-01,-1.767843961715698242e-02,-5.198428407311439514e-02,-1.318408697843551636e-01,6.125041469931602478e-02,1.228846088051795959e-01,-7.708878070116043091e-02,-1.639439463615417480e-01,-6.857338547706604004e-02,-2.480817735195159912e-01,-3.430374711751937866e-02,-1.164316460490226746e-01,2.321208864450454712e-01,1.110709235072135925e-01,-1.689573079347610474e-01,-4.939382895827293396e-02,-1.712655723094940186e-01,-7.491746544837951660e-02,-2.084041386842727661e-01,4.239983856678009033e-03,-2.129207849502563477e-01,-5.509126931428909302e-02,-9.220232069492340088e-02,-1.110676750540733337e-01,-3.694041445851325989e-02,2.468095868825912476e-01,7.553064823150634766e-02,3.658981621265411377e-02,4.780056420713663101e-03,-3.884132206439971924e-02,-4.698339477181434631e-02,5.809577926993370056e-02,1.900527477264404297e-01,-5.452696233987808228e-02,6.915688514709472656e-02,-8.610057830810546875e-02,-3.903534114360809326e-01,-2.100838869810104370e-01,-1.867479085922241211e-01,-8.214640431106090546e-03,3.333783149719238281e-02,-1.240802258253097534e-01,-4.345467686653137207e-02,9.057711064815521240e-02,-8.098417893052101135e-03,-1.049714684486389160e-01,2.156196385622024536e-01,-1.755914241075515747e-01,1.134874224662780762e-01,1.890901327133178711e-01,7.948102056980133057e-02,-6.487958878278732300e-02,-4.270461946725845337e-02,-6.978806853294372559e-02,1.742338761687278748e-02,-5.251723900437355042e-02,3.639740869402885437e-02,-1.777147799730300903e-01,-3.883089497685432434e-02,-1.826156377792358398e-01,3.011432476341724396e-02,-2.545530162751674652e-02,1.656169742345809937e-01,-3.042327463626861572e-01,1.474610269069671631e-01,1.551595926284790039e-01,-1.916273385286331177e-01,-9.300766140222549438e-02,1.545725166797637939e-01,1.087065786123275757e-02,1.028063297271728516e-01,-1.524537950754165649e-01,6.666325032711029053e-02,-2.549376785755157471e-01,-1.545760929584503174e-01,-8.873313665390014648e-03,5.196848884224891663e-02,5.755295604467391968e-02,1.059205010533332825e-01,7.775951921939849854e-02,8.279412984848022461e-02,1.857608407735824585e-01,2.777958847582340240e-02,-2.336866110563278198e-01,-4.302938878536224365e-01,3.457137942314147949e-02,-4.061051905155181885e-01,1.014225110411643982e-01,2.398459017276763916e-01,2.098203152418136597e-01,2.157384455204010010e-01,-1.564835160970687866e-01,1.782471388578414917e-01,-3.536702096462249756e-01,-6.820885092020034790e-02,1.047188267111778259e-01,-3.514811992645263672e-01,-3.043425679206848145e-01,2.773389220237731934e-01,-4.021226428449153900e-03,-2.942286431789398193e-01,1.647519320249557495e-02,-5.265654996037483215e-02,1.336966156959533691e-01,2.391196042299270630e-01,-2.484326250851154327e-02,1.193024069070816040e-01,-8.755445480346679688e-02,-1.274464577436447144e-01,-1.368585675954818726e-01,6.909969449043273926e-02,-2.847093343734741211e-01,-8.071622252464294434e-02,-2.913135290145874023e-01,1.447722688317298889e-02,-1.342361569404602051e-01,1.316280215978622437e-01,6.311918795108795166e-02,-1.839522421360015869e-01,4.018110036849975586e-02,5.227400362491607666e-02,1.201382279396057129e-02,1.160503947176039219e-03,6.425438076257705688e-02,2.269153483211994171e-03,-2.525285780429840088e-01,-7.793416827917098999e-02,-1.512268334627151489e-01,9.747356921434402466e-02,-1.530460175126791000e-02,8.717709779739379883e-02,9.770323336124420166e-02,2.665642648935317993e-02,1.391759216785430908e-01,2.154763496946543455e-04,-2.188738435506820679e-01,-1.152196004986763000e-01,-1.717445254325866699e-01,-2.863766998052597046e-02,-9.896312654018402100e-02,-9.623198956251144409e-02,-1.117529273033142090e-01,-2.090501785278320312e-02,-1.006383970379829407e-01,-3.213084116578102112e-02,4.464720934629440308e-02,-6.096159666776657104e-02,4.862681031227111816e-02,-1.033396720886230469e-01,-2.031217962503433228e-01,-4.849870223551988602e-03,5.271831899881362915e-02,-2.646196074783802032e-02,-1.429895162582397461e-01,2.461983114480972290e-01,-1.961389183998107910e-02,7.602640241384506226e-02,-6.450016796588897705e-02,1.474087834358215332e-01,8.697897195816040039e-02,-1.088543701916933060e-02,-9.400183707475662231e-02,-1.050193905830383301e-01,-8.871178328990936279e-02,-1.127940416336059570e-01,-6.334147602319717407e-02,8.560460060834884644e-02,-1.219032425433397293e-02,8.704656502231955528e-04,-1.596932262182235718e-01,4.505225643515586853e-02,1.245675534009933472e-01,-1.192214190959930420e-01,-1.069112941622734070e-01,3.608046565204858780e-03,-5.717061832547187805e-02,-1.000407412648200989e-01,-9.638488292694091797e-02,-9.564922749996185303e-02,-1.256753206253051758e-01,-7.516162097454071045e-02,9.996007429435849190e-04,3.587740659713745117e-02,-6.646773964166641235e-02,-1.802630424499511719e-01,-9.397239238023757935e-02,4.217485338449478149e-02,5.151564255356788635e-02,-7.176300883293151855e-02,1.247275620698928833e-01,-7.903049886226654053e-02,-1.279367357492446899e-01,1.123795285820960999e-01,7.650999724864959717e-02,-7.694848347455263138e-03,-5.870156362652778625e-02,1.323522329330444336e-01,-3.531066700816154480e-02,-9.534994023852050304e-05,-4.471521452069282532e-02,-1.515099662356078625e-03,-2.712730765342712402e-01,-1.013983786106109619e-01,-1.026017125695943832e-02,-1.115603558719158173e-02,5.691045150160789490e-02,-1.168791279196739197e-01,-1.494436897337436676e-02,1.623263023793697357e-02,1.226151958107948303e-01,1.785423664841800928e-04
3.865006938576698303e-02,3.673536181449890137e-01,4.888209700584411621e-02,2.459139227867126465e-01,2.175289019942283630e-02,-2.680804133415222168e-01,-2.362916916608810425e-01,-1.840793341398239136e-01,2.119667455554008484e-02,1.724213212728500366e-01,9.481308609247207642e-02,-6.134157255291938782e-02,6.267196685075759888e-02,1.572767272591590881e-02,2.236152589321136475e-01,3.820887953042984009e-02,1.676697880029678345e-01,1.926293820142745972e-01,3.528092987835407257e-03,8.720014244318008423e-02,-1.132657453417778015e-01,-1.466944962739944458e-01,-1.798994243144989014e-01,-3.251730501651763916e-01,-1.735544949769973755e-02,1.274810582399368286e-01,-7.488534599542617798e-02,-2.227185666561126709e-02,4.700773209333419800e-02,1.424951292574405670e-02,-1.472760438919067383e-01,4.396822303533554077e-02,-3.831009566783905029e-02,2.242981493473052979e-01,-1.235072761774063110e-01,2.047499418258666992e-01,-8.348289877176284790e-02,-2.692349553108215332e-01,-1.373900938779115677e-02,-6.407977640628814697e-02,2.059926651418209076e-02,-7.592441886663436890e-02,-5.273573845624923706e-02,3.735635057091712952e-02,-5.631468817591667175e-02,-3.906841576099395752e-02,-1.142528727650642395e-01,-2.175487391650676727e-02,6.973962765187025070e-03,9.944623708724975586e-02,2.169544994831085205e-01,-4.460369382286444306e-05,1.203233376145362854e-01,1.143576726317405701e-01,1.151427999138832092e-01,6.019538640975952148e-02,7.625362277030944824e-02,-1.106074824929237366e-01,-1.123202145099639893e-01,5.230552330613136292e-02,1.649641096591949463e-01,-1.189354956150054932e-01,6.971467752009630203e-03,-5.284328013658523560e-02,8.956027776002883911e-02,7.336821407079696655e-02,-5.745207518339157104e-02,2.510591410100460052e-02,-1.554155051708221436e-01,2.555265724658966064e-01,-1.416837573051452637e-01,-1.072639375925064087e-01,8.817572146654129028e-02,5.264830309897661209e-03,8.053649216890335083e-02,1.541935838758945465e-02,1.431465595960617065e-01,-1.051689162850379944e-01,5.802737548947334290e-02,-1.425626724958419800e-01,4.692782834172248840e-02,6.460828334093093872e-02,8.916672319173812866e-02,-1.645362228155136108e-01,-1.148598864674568176e-01,-8.532278239727020264e-03,-1.266587227582931519e-01,-9.595235437154769897e-02,-5.616515502333641052e-02,1.498318761587142944e-01,1.972745060920715332e-01,1.003839597105979919e-01,5.913040414452552795e-02,-1.554422527551651001e-01,-4.853588938713073730e-01,-1.406602412462234497e-01,-1.689535230398178101e-01,9.425000846385955811e-02,-4.556523635983467102e-02,2.023670971393585205e-01,1.910311914980411530e-02,-9.783001989126205444e-02,-9.666467458009719849e-02,8.402577042579650879e-02,-4.009074345231056213e-02,-7.492312788963317871e-02,-3.661957383155822754e-02,8.772772550582885742e-02,-9.682475030422210693e-02,-2.735025063157081604e-02,-1.585669219493865967e-01,-1.178159192204475403e-01,-6.040211766958236694e-02,-1.008254960179328918e-01,3.999149426817893982e-02,6.844907999038696289e-02,1.027154475450515747e-01,-1.440231036394834518e-02,-2.284916639328002930e-01,1.978780627250671387e-01,1.777803450822830200e-01,1.344434451311826706e-02,-1.216589361429214478e-01,2.638889551162719727e-01,-5.684384331107139587e-02,2.419604063034057617e-01,7.391496002674102783e-02,-1.582914292812347412e-01,4.794915392994880676e-02,-7.270481437444686890e-02,3.882165253162384033e-02,4.426131397485733032e-02,-1.992700994014739990e-01,1.873324513435363770e-01,-9.756974875926971436e-02,-1.341720521450042725e-01,7.313887029886245728e-02,-2.038080692291259766e-01,-5.395776592195034027e-03,-1.898199766874313354e-01,2.693750560283660889e-01,-9.417687356472015381e-02,-2.102763503789901733e-01,4.607248306274414062e-02,6.808965653181076050e-02,-1.071580871939659119e-01,1.377968490123748779e-01,5.503821000456809998e-02,8.732241392135620117e-02,-9.605664014816284180e-02,-2.267512828111648560e-01,-2.177211344242095947e-01,-1.252020448446273804e-01,-1.307481676340103149e-01,2.969384491443634033e-01,-2.476929128170013428e-02,-9.413588792085647583e-02,-4.115920886397361755e-02,5.608862265944480896e-02,3.938515484333038330e-02,-1.241456810384988785e-02,3.947624936699867249e-02,-7.437597215175628662e-02,-9.392475336790084839e-02,4.207840934395790100e-02,9.836487472057342529e-02,-9.881026297807693481e-02,-7.781137712299823761e-03,1.851669847965240479e-01,-7.809042185544967651e-02,-2.732755839824676514e-01,-1.946213990449905396e-01,-2.551504783332347870e-02,2.622975595295429230e-02,-2.006933689117431641e-01,1.845775842666625977e-01,-9.758301079273223877e-02,-1.060128137469291687e-01,-2.183750867843627930e-01,-5.151974037289619446e-02,-4.453904181718826294e-02,-1.285870373249053955e-01,-3.839218989014625549e-02,1.263577193021774292e-01,9.634260088205337524e-03,1.161640956997871399e-01,1.247748360037803650e-02,1.500821858644485474e-02,-4.000651091337203979e-02,1.950871348381042480e-01,1.608003228902816772e-01,-1.687537282705307007e-01,1.037643942981958389e-02,-3.653245568275451660e-01,5.231928545981645584e-03,9.610856324434280396e-02,-1.295898854732513428e-01,1.500250846147537231e-01,-8.549387007951736450e-02,-8.120763301849365234e-02,-9.759030304849147797e-03,-1.871423870325088501e-01,1.113029643893241882e-01,-1.029866039752960205e-01,1.516498774290084839e-01,-3.037935197353363037e-01,1.314213965088129044e-02,-6.270341575145721436e-02,3.611613214015960693e-01,-2.398477792739868164e-01,-7.505537569522857666e-02,-2.012831568717956543e-01,1.161984652280807495e-01,1.846754997968673706e-01,-3.571686893701553345e-02,-1.217899098992347717e-01,1.261170115321874619e-02,-2.048681490123271942e-02,1.646833717823028564e-01,-4.992763698101043701e-02,-1.374011486768722534e-01,-2.967642247676849365e-01,-8.298213779926300049e-02,5.036542937159538269e-02,7.023945450782775879e-02,-8.976779878139495850e-02,-3.364206552505493164e-01,-2.329885810613632202e-01,1.173795163631439209e-01,1.588419377803802490e-01,-5.371794104576110840e-02,-4.773617163300514221e-02,-1.484189927577972412e-01,1.645934283733367920e-01,-1.379163265228271484e-01,3.393964376300573349e-03,7.560850679874420166e-02,-6.658763438463211060e-02,-1.742950975894927979e-01,2.158056348562240601e-01,-5.013921484351158142e-02,-1.281483471393585205e-02,-8.037968655116856098e-06,-6.343721598386764526e-02,-5.236133188009262085e-02,-1.612311694771051407e-03,-1.117606461048126221e-01,2.865281514823436737e-02,-7.601886242628097534e-02,4.964833706617355347e-02,-1.591245681047439575e-01,1.591013628058135509e-03,-5.875838547945022583e-02,-1.262935996055603027e-01,1.212207302451133728e-01,-3.375059750396758318e-04
-2.118225097656250000e-01,-2.868438661098480225e-01,5.035628750920295715e-02,-2.361801266670227051e-01,1.412971317768096924e-01,1.526411473751068115e-01,3.174009025096893311e-01,1.975337266921997070e-01,4.017867743968963623e-01,1.688318401575088501e-01,-1.173058152198791504e-01,1.387216746807098389e-01,2.045814841985702515e-01,-9.708423912525177002e-02,7.226708531379699707e-02,1.359245926141738892e-01,-1.989129483699798584e-01,9.060422331094741821e-02,2.064540982246398926e-01,-1.102672293782234192e-01,6.818757206201553345e-02,6.508132815361022949e-02,2.736037075519561768e-01,-1.551465131342411041e-02,-4.786257445812225342e-02,3.213600814342498779e-01,1.054010018706321716e-01,9.981270879507064819e-02,-5.165604501962661743e-02,-1.179638132452964783e-01,6.670459359884262085e-02,1.256175637245178223e-01,1.186322718858718872e-01,2.743289619684219360e-02,2.666070759296417236e-01,-1.911006122827529907e-02,1.528899818658828735e-01,2.023785561323165894e-02,1.392539143562316895e-01,-1.298766434192657471e-01,-1.078326106071472168e-01,2.527057826519012451e-01,1.829720139503479004e-01,7.306098192930221558e-02,1.015213727951049805e-01,-2.648782730102539062e-01,-1.933870464563369751e-02,2.264854311943054199e-01,5.616963282227516174e-02,1.474775969982147217e-01,-5.154986307024955750e-02,1.792528629302978516e-01,-1.479505375027656555e-02,-3.287343084812164307e-01,-2.060998529195785522e-01,-2.064364105463027954e-01,5.122781172394752502e-02,4.606888443231582642e-02,-3.214080259203910828e-02,2.015362977981567383e-01,-1.051884219050407410e-01,2.172951996326446533e-01,7.209778763353824615e-03,-1.387590765953063965e-01,-5.320954322814941406e-02,2.006559520959854126e-01,-8.323458582162857056e-02,-2.507020831108093262e-01,4.757101461291313171e-02,-2.099040523171424866e-02,1.604984551668167114e-01,9.418941289186477661e-02,-6.312923878431320190e-02,-1.790596693754196167e-01,1.544307470321655273e-01,5.005042627453804016e-02,-5.262143537402153015e-02,1.634751632809638977e-02,2.962823212146759033e-01,-1.826594024896621704e-01,6.603918224573135376e-02,3.099266588687896729e-01,-1.601060628890991211e-01,-2.088686525821685791e-01,-2.033803164958953857e-01,-1.357326209545135498e-01,1.672123521566390991e-01,4.451330751180648804e-02,5.436534807085990906e-02,-1.345530450344085693e-01,-1.097505316138267517e-01,-6.021753698587417603e-02,9.558391571044921875e-02,1.220163628458976746e-01,8.040417730808258057e-02,1.561562716960906982e-01,8.335103094577789307e-02,1.236400380730628967e-01,1.808896660804748535e-02,-1.383566111326217651e-01,1.617411971092224121e-01,-1.444575656205415726e-02,3.937545791268348694e-02,1.413712929934263229e-02,-9.201671928167343140e-02,-1.104740276932716370e-01,1.537903863936662674e-02,5.591682717204093933e-02,-1.262709498405456543e-01,5.298518761992454529e-02,7.162661291658878326e-03,1.974951922893524170e-01,1.056558191776275635e-01,6.192569155246019363e-03,-7.536444813013076782e-03,-1.239251866936683655e-01,3.259727954864501953e-01,-2.135844156146049500e-02,2.145957387983798981e-02,3.268078714609146118e-02,7.017175108194351196e-02,4.057867079973220825e-02,2.703402750194072723e-02,2.051108330488204956e-01,3.411359339952468872e-02,5.100489780306816101e-02,-9.633243083953857422e-02,-6.360375136137008667e-02,9.908306598663330078e-02,1.623893976211547852e-01,1.015493720769882202e-01,-1.807134747505187988e-01,-3.373015299439430237e-02,-1.848622411489486694e-01,3.479526937007904053e-02,-2.591297626495361328e-01,-1.787525117397308350e-01,-1.000595018267631531e-01,-7.956500351428985596e-02,-4.690701887011528015e-02,6.484105437994003296e-02,2.169441580772399902e-01,-6.281365640461444855e-03,-3.897801786661148071e-02,7.143417000770568848e-02,5.938844010233879089e-02,-6.067326664924621582e-02,-1.143599301576614380e-01,-5.994104966521263123e-02,-4.241790995001792908e-02,-1.143028065562248230e-01,-1.729947701096534729e-02,-9.813307970762252808e-02,-1.177083402872085571e-01,4.154267162084579468e-02,-9.864816814661026001e-02,1.254444867372512817e-01,2.244364935904741287e-03,-6.864904612302780151e-02,5.937321484088897705e-02,1.182788088917732239e-01,7.217370904982089996e-03,5.167638882994651794e-02,-1.387000828981399536e-01,1.971452534198760986e-01,-1.742783375084400177e-02,4.010128229856491089e-02,-1.283554243855178356e-03,1.796675324440002441e-01,1.739538274705410004e-02,6.522069126367568970e-02,1.926985234022140503e-01,-1.195522695779800415e-01,-4.120340198278427124e-02,9.734062105417251587e-02,1.103074625134468079e-01,-6.839980185031890869e-02,-1.997155398130416870e-01,2.415385395288467407e-01,9.916950762271881104e-02,4.176923632621765137e-01,8.115839958190917969e-02,2.408761531114578247e-01,1.517169922590255737e-01,3.402876481413841248e-02,-8.137030899524688721e-02,8.404014259576797485e-02,5.292711034417152405e-02,-1.949007362127304077e-01,-9.046402573585510254e-02,-7.146844640374183655e-03,1.517852246761322021e-01,9.246090054512023926e-02,1.727361977100372314e-01,1.483674049377441406e-01,-2.193521894514560699e-02,-2.625211179256439209e-01,-4.330313950777053833e-02,6.170713901519775391e-02,1.553041953593492508e-02,-1.405412107706069946e-01,2.836580155417323112e-03,1.132253557443618774e-03,-1.348403245210647583e-01,-7.598763704299926758e-02,-8.843442797660827637e-02,4.606569185853004456e-02,-6.361697334796190262e-03,-6.698478758335113525e-02,1.359799057245254517e-01,2.081886678934097290e-01,4.353869333863258362e-02,-2.400811612606048584e-01,1.462789159268140793e-02,-1.577201485633850098e-01,3.000635467469692230e-02,9.743437916040420532e-02,-5.972263216972351074e-02,1.265071183443069458e-01,-5.617507919669151306e-02,-2.970922738313674927e-02,1.448674872517585754e-02,-1.398319602012634277e-01,8.632855117321014404e-02,-6.571840494871139526e-03,2.390251727774739265e-03,1.156216710805892944e-01,-1.183461695909500122e-01,-1.802922226488590240e-02,1.439098548144102097e-02,-2.727649807929992676e-01,1.858443021774291992e-01,6.015183404088020325e-02,-6.695142388343811035e-02,1.418998092412948608e-01,-4.674493521451950073e-02,1.245325207710266113e-01,-8.590921014547348022e-02,-1.397601962089538574e-01,-1.870088279247283936e-02,7.800896652042865753e-03,2.180634625256061554e-02,-1.290450245141983032e-01,7.061155885457992554e-02,1.176651567220687866e-02,-2.505046129226684570e-01,-2.007087916135787964e-01,-2.089701592922210693e-01,1.361946612596511841e-01,-1.257106214761734009e-01,-3.679127618670463562e-02,-2.902968525886535645e-01,1.080816164612770081e-01,-3.883034922182559967e-03,-5.966808646917343140e-02,-2.650707960128784180e-03
-2.393511235713958740e-01,-8.536235988140106201e-02,2.427973225712776184e-02,1.321616172790527344e-01,-1.191991474479436874e-02,4.498809576034545898e-02,6.321083009243011475e-02,1.505811065435409546e-01,6.856695562601089478e-02,2.046270966529846191e-01,1.110745035111904144e-02,3.098716437816619873e-01,1.138091012835502625e-01,-8.688112348318099976e-02,1.190062835812568665e-01,8.493736386299133301e-02,-3.551479876041412354e-01,1.384928915649652481e-02,-2.166671305894851685e-01,1.578720286488533020e-02,1.205003708600997925e-01,3.611316904425621033e-02,1.358998715877532959e-01,1.493675112724304199e-01,4.326521232724189758e-02,1.720492392778396606e-01,-5.498532578349113464e-02,2.057119645178318024e-02,8.049004524946212769e-02,1.053443178534507751e-01,1.708488315343856812e-01,1.122045144438743591e-01,-5.868733301758766174e-02,1.280317008495330811e-01,3.044297359883785248e-02,-2.266761362552642822e-01,5.046541243791580200e-02,2.890199795365333557e-02,-1.843027397990226746e-02,1.017692163586616516e-01,-2.117425948381423950e-01,3.538686409592628479e-02,2.672219183295965195e-03,-4.111784510314464569e-03,2.884216606616973877e-01,-1.658756583929061890e-01,-4.427238553762435913e-02,1.235510036349296570e-01,-1.149403005838394165e-01,6.104328203946352005e-04,-9.689419716596603394e-02,-5.655866116285324097e-03,-8.740592002868652344e-02,-4.044737219810485840e-01,-1.134080812335014343e-02,-1.440641134977340698e-01,-1.295158714056015015e-01,-2.065307088196277618e-02,-7.347384095191955566e-02,4.441867023706436157e-02,-1.051984820514917374e-02,9.979151934385299683e-02,7.659336552023887634e-03,-3.073935210704803467e-01,3.240201994776725769e-02,1.502199321985244751e-01,-2.689025104045867920e-01,-2.944790124893188477e-01,2.181223779916763306e-02,-5.000999197363853455e-02,1.184233427047729492e-01,2.332495152950286865e-02,-2.850013040006160736e-02,-9.447841346263885498e-02,-3.159248530864715576e-01,-1.324974149465560913e-01,-4.867538809776306152e-02,-1.252322047948837280e-01,2.614640295505523682e-01,-1.010112017393112183e-01,5.694592744112014771e-02,3.905102238059043884e-02,7.294590026140213013e-02,-1.438559312373399734e-02,-1.660001277923583984e-01,4.284565895795822144e-02,1.072834152728319168e-02,5.125593394041061401e-02,1.066849157214164734e-01,9.423458948731422424e-03,-1.978340148925781250e-01,-4.316215962171554565e-02,-2.400916516780853271e-01,-5.123250931501388550e-02,2.165488339960575104e-02,-5.461324378848075867e-02,-1.031913161277770996e-01,1.413519084453582764e-01,3.432841971516609192e-02,7.088432554155588150e-03,6.320615112781524658e-02,-8.101715147495269775e-02,2.492637559771537781e-02,8.293674886226654053e-02,2.085246518254280090e-02,5.000546574592590332e-02,-7.774405926465988159e-02,2.015614956617355347e-01,2.342344075441360474e-01,4.287295043468475342e-02,1.542025059461593628e-01,8.912814408540725708e-02,7.445584982633590698e-02,-1.033805981278419495e-01,-2.702631652355194092e-01,-1.275279819965362549e-01,2.063359469175338745e-01,8.372879028320312500e-02,-3.450696915388107300e-02,3.672431409358978271e-01,9.028241783380508423e-02,-4.123503342270851135e-02,8.059666305780410767e-02,2.387489974498748779e-01,-2.030856609344482422e-01,-1.613616347312927246e-01,-2.241101115942001343e-01,-3.685953468084335327e-02,-1.084772422909736633e-01,2.418076843023300171e-01,1.012236401438713074e-01,-3.686555102467536926e-02,-1.457135677337646484e-01,-2.509215474128723145e-01,-1.245232298970222473e-01,6.741486024111509323e-03,-1.242377460002899170e-01,-6.579662859439849854e-02,-1.319225132465362549e-01,8.175470679998397827e-02,-6.044885143637657166e-02,2.868946790695190430e-01,-6.351070851087570190e-02,-1.441036462783813477e-01,1.259827613830566406e-01,1.654332876205444336e-02,-4.029658157378435135e-03,1.503642052412033081e-01,-5.402331799268722534e-02,7.969344966113567352e-03,2.094612270593643188e-02,-3.359105810523033142e-02,2.751710824668407440e-02,2.169512659311294556e-01,-1.505854576826095581e-01,-1.290829107165336609e-02,-2.271325141191482544e-02,1.874573528766632080e-01,-4.720111936330795288e-02,-7.335213571786880493e-02,9.477583318948745728e-02,3.453714028000831604e-02,-7.474807649850845337e-02,4.373167082667350769e-02,1.193653792142868042e-01,-8.336088806390762329e-02,1.852977275848388672e-01,5.532431229948997498e-02,7.498849183320999146e-02,2.125641796737909317e-03,-2.908555977046489716e-02,-1.403901129961013794e-01,-1.388741433620452881e-01,-8.268291503190994263e-02,9.260756522417068481e-02,5.319683626294136047e-02,2.314130961894989014e-01,-3.084850013256072998e-01,8.480028808116912842e-02,-4.735454171895980835e-02,2.971214950084686279e-01,5.382323265075683594e-02,3.191735148429870605e-01,1.575846374034881592e-01,-6.862278282642364502e-02,4.033481702208518982e-02,-1.348026990890502930e-01,4.513998050242662430e-03,-7.350538671016693115e-02,-2.254113554954528809e-01,9.909344464540481567e-02,3.017024993896484375e-01,1.339302062988281250e-01,-7.358656078577041626e-02,1.600335091352462769e-01,9.234887361526489258e-02,-1.621340066194534302e-01,-8.151267468929290771e-02,-8.266332000494003296e-02,-2.087022662162780762e-01,-6.727477908134460449e-02,1.008379906415939331e-01,-4.027437884360551834e-03,-9.143927693367004395e-02,1.302282959222793579e-01,-1.030349433422088623e-01,-4.110004752874374390e-02,-1.215627640485763550e-01,-5.957110598683357239e-02,-2.419445663690567017e-02,1.904721111059188843e-01,-3.491553291678428650e-02,-7.939881831407546997e-02,-1.163362115621566772e-01,-7.698564976453781128e-02,8.129161596298217773e-02,7.938941009342670441e-03,1.521892007440328598e-02,9.234590828418731689e-02,-7.262618094682693481e-02,-2.851766161620616913e-02,4.927910864353179932e-02,-8.987852931022644043e-02,8.827542513608932495e-02,1.041325852274894714e-01,1.315271109342575073e-01,1.961104013025760651e-02,-6.847321987152099609e-02,-1.325158923864364624e-01,-7.569850236177444458e-02,2.609738521277904510e-02,-1.060997322201728821e-01,1.546812057495117188e-01,1.079476922750473022e-01,2.137360274791717529e-01,5.191967356950044632e-03,1.657347530126571655e-01,5.555779114365577698e-02,8.916857838630676270e-02,-1.097018644213676453e-01,-1.313375588506460190e-02,-1.907389014959335327e-01,-9.076853841543197632e-02,-2.255497723817825317e-01,3.263495163992047310e-03,-2.425647675991058350e-01,-4.133252054452896118e-02,-1.356224119663238525e-01,-4.794131033122539520e-03,-2.175749391317367554e-01,-1.402425169944763184e-01,-6.401513516902923584e-02,1.800424754619598389e-01,-1.009775027632713318e-01,5.339787900447845459e-02,1.328071020543575287e-02
1.360087990760803223e-01,-1.293678283691406250e-01,1.515247672796249390e-01,-5.000386759638786316e-02,6.397624313831329346e-02,1.795400306582450867e-02,-4.446086660027503967e-02,9.358884394168853760e-02,1.199011355638504028e-01,-1.927346140146255493e-01,8.107277750968933105e-02,9.645501524209976196e-02,-7.586593739688396454e-03,-3.243946656584739685e-02,-2.235590517520904541e-01,6.388634443283081055e-02,-6.526845972985029221e-03,-7.347385585308074951e-02,-1.357050798833370209e-02,4.865309968590736389e-02,2.147846296429634094e-02,1.801456883549690247e-02,-5.350514501333236694e-02,9.108635038137435913e-02,-5.909902974963188171e-02,-6.528029590845108032e-02,3.017701394855976105e-02,-3.811717778444290161e-02,-1.447416394948959351e-01,8.477713167667388916e-02,-2.850848063826560974e-02,-8.750861883163452148e-02,1.939351707696914673e-01,1.253292709589004517e-01,6.967731565237045288e-02,-1.128847897052764893e-01,2.171407192945480347e-01,-1.046611592173576355e-01,-6.191824376583099365e-02,-5.703643336892127991e-02,5.015118420124053955e-02,-2.356236129999160767e-01,-1.480699777603149414e-01,1.108880415558815002e-01,1.835674494504928589e-01,9.048132225871086121e-03,-3.513249009847640991e-02,7.716685533523559570e-02,-9.382195025682449341e-02,7.459280639886856079e-02,-3.797664344310760498e-01,-1.978696733713150024e-01,1.888026744127273560e-01,-2.091367095708847046e-01,2.083780467510223389e-01,4.512064531445503235e-02,-1.195038631558418274e-01,-8.244561403989791870e-02,-7.056500017642974854e-02,1.151965185999870300e-02,-1.821155846118927002e-01,6.326114386320114136e-02,-9.483837336301803589e-02,-1.055565625429153442e-01,9.670452214777469635e-03,-6.944813579320907593e-02,2.576202712953090668e-02,-1.461529731750488281e-01,-3.167705982923507690e-02,2.544872090220451355e-02,-2.887744903564453125e-01,5.592761933803558350e-02,1.491591241210699081e-02,-2.812806367874145508e-01,-2.200863882899284363e-02,-1.170421615242958069e-01,1.683114469051361084e-01,-1.758062839508056641e-01,9.817828238010406494e-02,1.413428932428359985e-01,5.618557799607515335e-03,4.313721135258674622e-02,8.036115765571594238e-02,-2.457833886146545410e-01,7.519315928220748901e-02,-2.850827388465404510e-02,1.388046890497207642e-01,1.583542674779891968e-01,5.756503343582153320e-02,-1.768622696399688721e-01,5.657208710908889771e-02,-4.773214086890220642e-02,1.095893327146768570e-02,-5.087706446647644043e-02,-1.134373843669891357e-01,-1.147006358951330185e-02,-1.300119608640670776e-01,-2.849929593503475189e-02,1.572322696447372437e-01,-7.026026397943496704e-02,4.402882978320121765e-02,-6.258435547351837158e-02,-2.140120975673198700e-02,-8.749905228614807129e-02,-8.478206396102905273e-02,-1.261595934629440308e-01,7.695440948009490967e-02,-4.232524335384368896e-02,1.175992712378501892e-01,-1.195933148264884949e-01,-1.872513145208358765e-01,2.179667800664901733e-01,7.847255468368530273e-02,-1.067553982138633728e-01,-8.767856657505035400e-02,-2.426844686269760132e-01,-9.425242990255355835e-02,8.178394287824630737e-02,1.109094172716140747e-01,-1.219279915094375610e-01,1.170287132263183594e-01,-3.194756433367729187e-02,7.142912945710122585e-04,-1.289386600255966187e-01,6.688697636127471924e-02,-1.873078048229217529e-01,-1.041493266820907593e-01,-4.603427834808826447e-03,-1.733660250902175903e-01,-6.248142104595899582e-03,-2.189243584871292114e-01,-2.036839872598648071e-01,-1.089198440313339233e-01,2.008725255727767944e-01,-1.258993148803710938e-01,6.387622654438018799e-02,-2.926256656646728516e-01,2.766022980213165283e-01,-1.363599598407745361e-01,-4.189163818955421448e-02,1.200574189424514771e-01,-2.580398917198181152e-01,-1.156500913202762604e-02,-1.426686495542526245e-01,1.817111223936080933e-01,-7.586276531219482422e-02,-3.316949354484677315e-03,-2.773820757865905762e-01,-9.782204777002334595e-02,-9.865705668926239014e-02,1.180002745240926743e-02,-3.000957071781158447e-01,-7.680077105760574341e-02,2.137226760387420654e-01,1.657019108533859253e-01,-2.308278232812881470e-01,1.940044760704040527e-01,-1.381781548261642456e-01,7.492895424365997314e-02,-1.246915832161903381e-01,1.517179906368255615e-01,4.057862237095832825e-02,1.376528441905975342e-01,-1.755465567111968994e-02,-2.951362431049346924e-01,-1.405612081289291382e-01,-4.310340434312820435e-02,-9.375387430191040039e-02,-9.662935137748718262e-02,3.346668183803558350e-02,-1.746035879477858543e-03,-1.639416962862014771e-01,1.446458250284194946e-01,-2.734969258308410645e-01,-1.134545579552650452e-01,-9.334713965654373169e-02,1.507710516452789307e-01,-2.341082692146301270e-01,3.648802042007446289e-01,1.170922890305519104e-01,-5.760952830314636230e-02,-5.625641439110040665e-03,-2.840086817741394043e-02,-1.172722782939672470e-02,6.599933654069900513e-02,1.926248520612716675e-02,1.601289957761764526e-01,-2.977467887103557587e-02,6.777195725589990616e-03,-1.556273847818374634e-01,-1.530940532684326172e-01,-1.843178272247314453e-01,-2.126203626394271851e-01,5.844211205840110779e-02,-7.185137271881103516e-02,-1.100287213921546936e-01,-1.406237483024597168e-01,6.592573225498199463e-02,-2.150100469589233398e-02,2.403863370418548584e-01,2.255855500698089600e-01,1.105852648615837097e-01,6.553367525339126587e-02,1.953065842390060425e-01,-1.693822145462036133e-01,-8.569473773241043091e-02,-1.535495221614837646e-01,5.971692502498626709e-02,1.101567447185516357e-01,2.670349739491939545e-02,-2.911589574068784714e-03,1.394220888614654541e-01,-1.442363411188125610e-01,1.248939782381057739e-01,-1.141006723046302795e-01,1.618083268404006958e-01,-4.634015560150146484e-01,1.364331990480422974e-01,-4.883055016398429871e-02,1.597823202610015869e-01,-3.312882781028747559e-02,-6.917320191860198975e-02,-3.634465858340263367e-03,1.025177612900733948e-01,3.228599205613136292e-02,7.363514602184295654e-02,1.463084220886230469e-01,1.141156181693077087e-01,6.774512678384780884e-02,-6.548672169446945190e-02,-1.105445623397827148e-01,-4.856979474425315857e-02,-3.625687360763549805e-01,-1.136036515235900879e-01,-1.303273141384124756e-01,-6.760984193533658981e-03,1.504191458225250244e-01,1.196938753128051758e-01,-1.685787588357925415e-01,-9.085516445338726044e-03,-5.292867776006460190e-03,2.506630495190620422e-02,-7.180549949407577515e-02,1.729738265275955200e-01,1.141642853617668152e-01,-1.181600466370582581e-01,-1.353341490030288696e-01,9.252924472093582153e-02,-3.645370900630950928e-02,-4.447939246892929077e-02,1.483333557844161987e-01,1.165882498025894165e-01,-6.983210891485214233e-02,-7.777716498821973801e-03,-2.049973234534263611e-02,-4.373426362872123718e-02
-1.396880298852920532e-02,4.902871325612068176e-02,-5.225626379251480103e-02,-2.863609232008457184e-02,-1.681092679500579834e-01,-1.642281264066696167e-01,-2.578490786254405975e-02,-6.951171904802322388e-02,-9.744510799646377563e-02,-1.179413869976997375e-01,9.072117507457733154e-02,-7.642655819654464722e-02,7.726125419139862061e-02,-1.368703395128250122e-01,-9.007288143038749695e-03,-1.327593773603439331e-01,5.157823488116264343e-02,-1.119077503681182861e-01,-6.852203607559204102e-02,-7.069551944732666016e-02,-7.803897559642791748e-02,8.391605317592620850e-02,6.192421540617942810e-02,1.018954068422317505e-01,-9.107897430658340454e-02,-1.280608028173446655e-01,-1.032333150506019592e-01,-4.998087882995605469e-02,3.659196570515632629e-02,-6.223881989717483521e-02,4.813516512513160706e-02,-1.165956631302833557e-01,-3.772656247019767761e-02,8.978547528386116028e-03,-7.019708305597305298e-02,-3.709712624549865723e-02,-8.174391835927963257e-02,-8.344218134880065918e-02,-9.903457015752792358e-02,-4.908050224184989929e-02,-1.029469817876815796e-02,3.525461256504058838e-02,1.444278471171855927e-02,-1.577097326517105103e-01,-9.796781837940216064e-02,-2.196715772151947021e-02,7.854825258255004883e-02,-7.775707542896270752e-02,-1.391436457633972168e-01,6.457342952489852905e-02,-4.976770654320716858e-02,-1.223250180482864380e-01,-8.375012874603271484e-02,1.141935773193836212e-02,-1.072958260774612427e-01,-6.654562056064605713e-02,5.109466146677732468e-04,1.896813628263771534e-03,-9.157586609944701195e-04,-1.221750155091285706e-01,7.772831618785858154e-02,-1.164231672883033752e-01,-4.220404103398323059e-02,-6.122414767742156982e-02,-1.115680411458015442e-01,-1.471330076456069946e-01,-6.605703383684158325e-03,-2.084448374807834625e-02,-3.292574360966682434e-02,-2.876665629446506500e-02,-1.284304708242416382e-01,-1.026566401124000549e-01,-4.849155247211456299e-02,-2.321608364582061768e-02,-7.145666517317295074e-03,-3.606131300330162048e-02,3.463690727949142456e-02,-7.520285993814468384e-02,-1.980876550078392029e-02,-5.236345902085304260e-02,-6.582937389612197876e-02,1.757092773914337158e-02,-4.614182934165000916e-02,-1.094952523708343506e-01,-1.372416913509368896e-01,-1.376045942306518555e-01,5.060584098100662231e-02,-1.601860672235488892e-01,-1.008949428796768188e-01,-2.111361548304557800e-02,-3.217671811580657959e-02,3.485655784606933594e-02,3.746146336197853088e-02,4.045747965574264526e-02,-9.494587033987045288e-02,8.759739249944686890e-02,-3.665437549352645874e-02,-3.105544857680797577e-02,-2.038446255028247833e-02,2.464886941015720367e-02,4.089738056063652039e-02,9.811586886644363403e-02,-9.107933193445205688e-02,4.865422099828720093e-02,-2.417322434484958649e-02,-1.136644408106803894e-01,-7.121653109788894653e-02,5.611946340650320053e-03,-8.212707191705703735e-02,-3.242583200335502625e-02,-8.479019254446029663e-02,-1.069669798016548157e-01,8.424028009176254272e-02,6.354621797800064087e-02,-7.980285584926605225e-02,1.025400534272193909e-01,-9.258645772933959961e-02,-1.428417116403579712e-02,8.641324006021022797e-03,-8.337713032960891724e-02,-4.018930718302726746e-02,-9.953761845827102661e-02,6.214084476232528687e-02,-1.577950567007064819e-01,2.107399143278598785e-02,-3.671527653932571411e-02,-2.544326707720756531e-02,8.842135220766067505e-02,6.426483392715454102e-02,1.116699911653995514e-02,6.010628864169120789e-02,1.039092708379030228e-02,-7.498126477003097534e-02,-1.084658131003379822e-01,-1.500173956155776978e-01,-2.207170240581035614e-02,-1.131897866725921631e-01,1.037732437252998352e-01,5.814258381724357605e-02,-6.974833458662033081e-02,-1.096260100603103638e-01,-1.267500407993793488e-02,-8.241989463567733765e-02,4.044381156563758850e-02,-1.772224009037017822e-01,4.278412833809852600e-02,-1.222620010375976562e-01,2.210092544555664062e-02,3.552737087011337280e-02,-1.329711228609085083e-01,-1.506219804286956787e-01,-1.214590594172477722e-01,-9.257809072732925415e-02,5.653335526585578918e-02,-1.329098045825958252e-01,7.648069411516189575e-02,-1.246435120701789856e-01,-9.124331176280975342e-02,-1.218350455164909363e-01,-3.897262737154960632e-02,9.765002131462097168e-02,-1.900313422083854675e-02,-9.680730104446411133e-02,-1.662203669548034668e-02,-1.356998644769191742e-02,-1.056004092097282410e-01,-9.141053073108196259e-03,-5.284733697772026062e-02,-3.668545186519622803e-02,-1.069137547165155411e-02,3.954556956887245178e-02,-1.088695973157882690e-01,9.723483771085739136e-02,-9.426636248826980591e-02,-3.439211100339889526e-02,-8.843436837196350098e-02,1.884191669523715973e-02,-1.412317454814910889e-01,6.188107281923294067e-02,-1.191940009593963623e-01,7.095926254987716675e-02,-8.666651695966720581e-02,2.657770551741123199e-02,-1.665452029556035995e-03,-1.412637978792190552e-01,-1.592853069305419922e-01,2.210827544331550598e-02,5.444263666868209839e-02,-4.175178706645965576e-02,-1.105577573180198669e-01,-6.074602250009775162e-03,-4.131295159459114075e-02,-1.156289223581552505e-02,1.304196566343307495e-01,-1.430507749319076538e-01,-3.101455606520175934e-02,-9.345925599336624146e-02,4.540975764393806458e-02,-7.778362929821014404e-02,-6.427620351314544678e-02,-9.700962901115417480e-02,4.063721373677253723e-02,1.857964135706424713e-02,-1.084796860814094543e-01,7.567714899778366089e-02,-1.318421810865402222e-01,-1.220023036003112793e-01,-8.687915280461311340e-03,-1.520549654960632324e-01,-4.931066557765007019e-02,7.913344353437423706e-02,-4.467036202549934387e-02,2.937967423349618912e-03,-1.759314835071563721e-01,-8.007317036390304565e-02,-9.958710521459579468e-02,-1.602885276079177856e-01,-7.366464007645845413e-03,7.251065969467163086e-02,-1.699737459421157837e-01,7.950854301452636719e-02,7.477659732103347778e-02,-5.996235460042953491e-02,-1.354565173387527466e-01,4.469424486160278320e-02,-1.257483810186386108e-01,2.164492942392826080e-02,9.230028837919235229e-02,3.712814673781394958e-02,-6.926444172859191895e-02,-1.392644364386796951e-02,2.617526613175868988e-02,-4.754622280597686768e-02,3.277489170432090759e-02,3.505467250943183899e-02,-1.200782731175422668e-01,-1.168542802333831787e-01,-8.775816857814788818e-02,4.773660749197006226e-02,5.779120698571205139e-02,-2.348534762859344482e-02,-1.443093121051788330e-01,9.131968021392822266e-03,-1.583863608539104462e-02,7.218738552182912827e-03,-1.661042720079421997e-01,-8.455957472324371338e-02,-3.296720609068870544e-02,-2.964971028268337250e-02,5.142210051417350769e-03,7.774957269430160522e-02,7.211065292358398438e-02,-5.712049081921577454e-02,6.579470634460449219e-02,2.368851751089096069e-02,-9.455889463424682617e-02
3.802846372127532959e-02,7.949112355709075928e-02,-1.226217895746231079e-01,4.646965116262435913e-02,-2.104942314326763153e-02,-1.061163842678070068e-02,2.414554916322231293e-02,-2.015256695449352264e-02,-1.905022887513041496e-03,4.772208258509635925e-02,5.663394927978515625e-02,-3.602174296975135803e-02,7.355785369873046875e-02,-7.988822460174560547e-02,-1.017975583672523499e-01,6.520748138427734375e-02,-5.913017317652702332e-02,3.139106184244155884e-02,-4.357860982418060303e-02,8.192527294158935547e-02,1.969688013195991516e-02,8.582202345132827759e-02,-8.093724958598613739e-03,-5.050114169716835022e-02,-1.229650899767875671e-01,4.210107773542404175e-02,-3.828242421150207520e-02,1.013773307204246521e-01,5.647446215152740479e-02,-1.237664520740509033e-01,-7.035078946501016617e-03,5.178118124604225159e-02,-1.357977837324142456e-02,-1.051215454936027527e-01,-1.287009380757808685e-02,-4.310540854930877686e-02,-2.702714316546916962e-02,-9.202842414379119873e-02,7.018650416284799576e-03,2.815414965152740479e-02,-6.002495065331459045e-02,-5.483462288975715637e-02,-1.823121868073940277e-02,-1.333067864179611206e-01,-6.876157969236373901e-02,-1.309424638748168945e-01,-6.085842475295066833e-02,-1.407142430543899536e-01,7.888387888669967651e-02,-7.738675922155380249e-02,-2.698405832052230835e-02,-1.132602319121360779e-01,-4.091088101267814636e-02,-3.644404560327529907e-02,-1.186527386307716370e-01,1.075638085603713989e-02,-4.503845237195491791e-03,-3.439876437187194824e-02,-8.865621685981750488e-02,-1.060340255498886108e-01,-4.934824258089065552e-02,3.949105367064476013e-02,-1.137811038643121719e-02,-1.010704562067985535e-01,-1.290594488382339478e-01,-8.548399060964584351e-02,9.499355405569076538e-02,-8.196135610342025757e-02,2.779201045632362366e-02,-1.311403065919876099e-01,-9.389793872833251953e-02,-1.491277962923049927e-01,5.197869986295700073e-02,9.065604209899902344e-02,-5.299325287342071533e-02,-1.293359398841857910e-01,-7.150753587484359741e-02,-2.304321341216564178e-02,-3.201866149902343750e-02,7.169787585735321045e-02,3.977068886160850525e-02,2.064287662506103516e-02,4.753196239471435547e-02,6.062832102179527283e-02,4.357155412435531616e-03,-1.078027486801147461e-01,-2.730664424598217010e-02,-1.539282351732254028e-01,-1.584264636039733887e-02,-1.365552544593811035e-01,-1.865088008344173431e-02,-1.475157588720321655e-01,-1.167741715908050537e-01,-1.620751470327377319e-01,1.502253487706184387e-02,-7.522135972976684570e-02,-4.400900378823280334e-02,-5.951330438256263733e-02,-3.456149995326995850e-02,-9.598203003406524658e-02,-1.020933762192726135e-01,2.451286092400550842e-02,4.093502834439277649e-02,5.729204975068569183e-03,-4.908119793981313705e-03,-1.574873807840049267e-03,7.253529876470565796e-02,1.251997612416744232e-02,1.015745624899864197e-01,-1.755124144256114960e-02,-1.482827812433242798e-01,2.820377238094806671e-03,-7.626457512378692627e-02,3.418444469571113586e-02,3.687281534075737000e-02,6.763073801994323730e-02,-2.185536362230777740e-02,-3.150939196348190308e-02,-1.798726618289947510e-02,-1.787135191261768341e-02,-4.278770089149475098e-02,-1.410993039608001709e-01,-7.180421054363250732e-02,-5.070598423480987549e-02,-1.068739220499992371e-01,-2.495814673602581024e-02,5.134822055697441101e-02,-1.362801641225814819e-01,8.136024326086044312e-02,3.159034252166748047e-02,-1.237114444375038147e-01,-6.198859587311744690e-02,7.501447200775146484e-02,8.696382492780685425e-02,-1.030091494321823120e-01,-7.652118057012557983e-02,-1.312484890222549438e-01,-1.314247548580169678e-01,4.718935117125511169e-02,-4.281596094369888306e-02,-5.478874966502189636e-02,4.239476099610328674e-02,-1.298846453428268433e-01,-1.396573632955551147e-01,-4.391065798699855804e-03,-5.075433477759361267e-02,-6.403341889381408691e-02,7.587337493896484375e-02,-9.576572477817535400e-02,-4.160317406058311462e-02,-5.163761973381042480e-02,-1.418711394071578979e-01,-1.323324441909790039e-01,5.901303142309188843e-02,-4.737368226051330566e-02,5.252142623066902161e-02,-3.260833024978637695e-02,2.064022608101367950e-02,-1.288944482803344727e-01,-1.383666396141052246e-01,-9.696140140295028687e-02,9.126918762922286987e-02,-1.300494838505983353e-02,-6.893549114465713501e-02,3.875572606921195984e-02,8.087590336799621582e-02,-1.271506100893020630e-01,5.595060810446739197e-02,-5.775684863328933716e-02,-1.061270087957382202e-01,7.441673427820205688e-02,-3.732222318649291992e-02,6.757332384586334229e-02,-4.576736595481634140e-03,-2.570309210568666458e-03,-4.099127277731895447e-02,-6.898507475852966309e-02,-4.268961399793624878e-02,-3.111782483756542206e-02,8.301234990358352661e-02,1.049136184155941010e-02,-4.615851864218711853e-02,-2.177921868860721588e-02,-1.222970113158226013e-01,-1.524724811315536499e-01,-4.853693395853042603e-02,-1.436919718980789185e-01,5.707295611500740051e-02,4.427352920174598694e-02,2.081838063895702362e-02,-1.717523187398910522e-01,-6.386102735996246338e-02,-5.500966217368841171e-03,-1.093906983733177185e-01,6.779157370328903198e-02,-1.167394742369651794e-01,-1.518633663654327393e-01,-1.715255342423915863e-02,-8.724805712699890137e-02,6.939886510372161865e-02,-3.620443865656852722e-02,6.308045983314514160e-02,-1.306463629007339478e-01,2.966449782252311707e-02,-1.219609603285789490e-01,5.069500207901000977e-02,-1.329473853111267090e-01,1.703417045064270496e-03,4.623057693243026733e-02,-6.459062546491622925e-02,5.514112114906311035e-02,1.044902354478836060e-01,-8.229506015777587891e-02,-1.461357157677412033e-02,-1.437706779688596725e-02,-1.563814282417297363e-02,-1.642739325761795044e-01,-8.779397234320640564e-03,3.043434396386146545e-02,-7.973078638315200806e-02,-7.508584111928939819e-02,1.027164049446582794e-02,-1.218849942088127136e-01,-1.340981125831604004e-01,-9.537956863641738892e-02,-1.219027265906333923e-01,-1.308071427047252655e-02,-9.297006577253341675e-02,-1.229437887668609619e-01,-1.442340165376663208e-01,-8.534548431634902954e-02,-5.288597941398620605e-02,8.049850910902023315e-02,5.329704657196998596e-02,-1.255902945995330811e-01,-1.512992382049560547e-01,-4.664499685168266296e-02,1.868940703570842743e-02,6.049972027540206909e-02,8.686501532793045044e-02,9.232532978057861328e-02,-2.217417769134044647e-02,3.248305246233940125e-02,1.449677348136901855e-02,1.271054148674011230e-03,-1.585930734872817993e-01,-8.834298700094223022e-02,-7.931529730558395386e-02,6.870754808187484741e-02,7.973623275756835938e-02,3.882765024900436401e-02,2.689556963741779327e-02,6.023343652486801147e-03,-5.335519835352897644e-02,-5.998466908931732178e-02,5.826542899012565613e-02
2.651379108428955078e-01,-1.767949610948562622e-01,1.630726158618927002e-01,2.843612134456634521e-01,-1.318824738264083862e-01,7.865585386753082275e-02,-5.526548251509666443e-03,-4.953895881772041321e-02,-1.819140762090682983e-01,2.402306050062179565e-01,2.405380606651306152e-01,-1.758305877447128296e-01,1.643419712781906128e-01,-3.293990343809127808e-02,-3.086646273732185364e-02,4.194376990199089050e-03,1.915372014045715332e-01,-2.569456696510314941e-01,1.742299273610115051e-02,2.444068901240825653e-02,8.761364221572875977e-02,2.416068501770496368e-02,-1.298409849405288696e-01,2.611286938190460205e-02,-2.537860162556171417e-02,-9.074788540601730347e-02,7.817866653203964233e-02,-1.813594549894332886e-01,1.122069284319877625e-01,4.585905000567436218e-02,-2.270671874284744263e-01,1.573465168476104736e-01,1.771098226308822632e-01,-2.120870351791381836e-01,-1.772978007793426514e-01,-1.026936247944831848e-02,-7.791022956371307373e-02,-2.257780581712722778e-01,-2.761414051055908203e-01,-1.535228788852691650e-01,-5.687374994158744812e-02,1.662776470184326172e-01,-2.950770594179630280e-02,-1.080511584877967834e-01,-5.205899477005004883e-02,-4.374776780605316162e-02,9.213113039731979370e-02,-2.174902334809303284e-02,2.490268796682357788e-01,1.270864456892013550e-01,5.531684309244155884e-02,-5.533411353826522827e-02,-1.174539402127265930e-01,-9.705906733870506287e-03,-3.120607435703277588e-01,1.087331678718328476e-02,-1.537373363971710205e-01,5.053319409489631653e-02,-1.092762313783168793e-02,8.659382909536361694e-02,-1.420978754758834839e-01,1.506547629833221436e-01,-6.638426333665847778e-03,-2.609960036352276802e-03,5.742257088422775269e-02,-1.753318160772323608e-01,1.078221946954727173e-01,1.850564330816268921e-01,-1.403780430555343628e-01,1.559649407863616943e-01,1.264045983552932739e-01,6.291054189205169678e-03,-6.942189484834671021e-02,1.404346823692321777e-01,1.288968324661254883e-01,-8.661058545112609863e-02,2.588795498013496399e-02,-1.384690403938293457e-01,-2.809434942901134491e-02,1.771249771118164062e-01,1.946286857128143311e-01,-3.258141577243804932e-01,9.920119307935237885e-03,2.503294348716735840e-01,1.826065033674240112e-01,2.859016656875610352e-01,-6.344857811927795410e-02,-1.043791398406028748e-01,1.390179842710494995e-01,-3.285550326108932495e-02,1.767800599336624146e-01,-5.119566991925239563e-02,1.004308015108108521e-01,9.606584161520004272e-02,-8.649655431509017944e-02,-8.114865422248840332e-02,-3.542420640587806702e-02,-8.625936508178710938e-02,-2.362198978662490845e-01,-3.804097697138786316e-02,9.424828737974166870e-02,2.547743730247020721e-02,7.577479630708694458e-02,-2.078942656517028809e-01,4.612102929968386889e-04,2.321989648044109344e-02,3.711475059390068054e-02,-9.640812873840332031e-03,2.100582607090473175e-02,-1.637709140777587891e-01,6.763763725757598877e-02,-1.293018609285354614e-01,1.031631231307983398e-01,-4.689699038863182068e-02,-1.800926923751831055e-01,1.119992583990097046e-01,9.335487335920333862e-02,-9.077409654855728149e-02,-5.039905756711959839e-02,-1.736590713262557983e-01,9.897341579198837280e-02,-1.526765972375869751e-01,1.071151122450828552e-01,-5.226101353764533997e-02,-1.389841288328170776e-01,9.738302975893020630e-02,6.046579405665397644e-02,-1.239320784807205200e-01,-5.624876357614994049e-04,1.087321639060974121e-01,1.109877228736877441e-01,4.773194193840026855e-01,-1.118332073092460632e-01,7.520269602537155151e-02,-6.993606686592102051e-03,1.903321593999862671e-01,7.980462163686752319e-02,1.536952797323465347e-03,1.735075749456882477e-02,2.191344648599624634e-02,-3.272717297077178955e-01,2.661033868789672852e-01,1.598588079214096069e-01,8.273852989077568054e-03,-8.333710953593254089e-03,6.616552919149398804e-02,-1.319184303283691406e-01,2.126164734363555908e-01,1.103232279419898987e-01,9.260218590497970581e-02,1.087270081043243408e-01,-5.188120529055595398e-02,1.460268795490264893e-01,-2.597088515758514404e-01,5.099007114768028259e-02,5.720285698771476746e-02,-1.267209202051162720e-01,-3.121920861303806305e-02,2.340900003910064697e-01,8.767488598823547363e-02,-5.963603779673576355e-02,-1.221091449260711670e-01,-2.951069176197052002e-01,-7.682286202907562256e-02,-1.207431852817535400e-01,3.844868764281272888e-02,4.180699214339256287e-02,-4.161676019430160522e-02,2.725656889379024506e-02,-1.482350081205368042e-01,-1.459489166736602783e-01,-5.962054803967475891e-02,1.357742249965667725e-01,-5.452402308583259583e-02,4.051247611641883850e-02,-1.849375069141387939e-01,-2.176812887191772461e-01,-1.202011704444885254e-01,-7.180523872375488281e-02,-1.534589827060699463e-01,-2.821355871856212616e-02,-9.872040152549743652e-02,2.000132650136947632e-01,-1.172767877578735352e-01,-7.073697447776794434e-02,-1.581711471080780029e-01,-8.081041276454925537e-02,-6.338421255350112915e-02,1.744672656059265137e-01,6.244157999753952026e-02,-1.224710196256637573e-01,-2.349571138620376587e-01,1.708886623382568359e-01,-7.710203528404235840e-02,-1.866638846695423126e-02,1.163121461868286133e-01,1.011603791266679764e-02,1.640973240137100220e-02,-6.532737612724304199e-02,-8.093685843050479889e-03,7.396155595779418945e-02,-1.031747758388519287e-01,7.961857318878173828e-02,6.101724691689014435e-03,6.347545981407165527e-02,2.169895023107528687e-01,1.377626210451126099e-01,1.354432851076126099e-01,-5.210305377840995789e-02,-4.879100620746612549e-02,-2.239332050085067749e-01,2.797722816467285156e-02,-1.318949908018112183e-01,-9.239731729030609131e-02,-1.111052632331848145e-01,-1.810577064752578735e-01,1.525428742170333862e-01,2.460968121886253357e-02,-2.111372202634811401e-01,9.578572213649749756e-02,9.632170200347900391e-02,8.830764144659042358e-02,6.885551847517490387e-03,-1.491795778274536133e-01,-6.076468899846076965e-02,-6.388688832521438599e-02,-3.126927316188812256e-01,-1.256582699716091156e-02,-8.671461790800094604e-02,-3.945460193790495396e-04,-2.403827197849750519e-02,2.290029376745223999e-01,1.055964976549148560e-01,-2.519050613045692444e-02,-2.856311798095703125e-01,7.943920046091079712e-02,-8.226102590560913086e-02,7.163908332586288452e-02,-1.370491087436676025e-01,5.346802622079849243e-02,3.106639347970485687e-02,4.699208959937095642e-02,-2.156824246048927307e-02,9.416150301694869995e-02,-9.054323285818099976e-02,-4.510919749736785889e-02,8.611675351858139038e-02,7.299923151731491089e-02,-2.671615965664386749e-02,-2.599154226481914520e-02,-1.782965213060379028e-01,-7.239517569541931152e-02,1.672187447547912598e-01,1.516586635261774063e-02,9.152951836585998535e-02,6.341750919818878174e-02
1.631738543510437012e-01,1.025011576712131500e-02,-2.207422070205211639e-02,-1.985986903309822083e-02,1.111551653593778610e-02,-6.904415041208267212e-02,2.322946637868881226e-01,-6.156840175390243530e-02,-1.144772320985794067e-01,-2.561763823032379150e-01,-1.664430946111679077e-01,-2.248362451791763306e-01,2.354116439819335938e-01,-1.163893844932317734e-02,-1.544064432382583618e-01,-1.202895268797874451e-01,-3.569546714425086975e-02,1.322142630815505981e-01,3.787770122289657593e-02,5.427186936140060425e-02,5.510076507925987244e-02,2.238922007381916046e-02,1.529003679752349854e-01,-8.374673873186111450e-02,1.234757304191589355e-01,1.182991117238998413e-01,9.667252749204635620e-02,5.573124065995216370e-02,-1.696157604455947876e-01,1.337915360927581787e-01,-1.216028928756713867e-01,3.136944770812988281e-02,-2.979954890906810760e-02,-2.486305311322212219e-02,-1.429342329502105713e-01,-1.764783412218093872e-01,-1.441472023725509644e-01,1.002104580402374268e-01,-7.982373237609863281e-02,-3.386823087930679321e-02,1.730446368455886841e-01,8.785032480955123901e-02,2.164650522172451019e-02,-4.509020596742630005e-02,1.152903214097023010e-01,-8.388150483369827271e-02,4.203417897224426270e-02,-6.623218953609466553e-02,-3.602123856544494629e-01,-8.269361406564712524e-02,-1.433020979166030884e-01,-2.585509121417999268e-01,-1.804311014711856842e-02,1.900349557399749756e-01,5.966776236891746521e-02,3.808934241533279419e-02,2.924092859029769897e-02,1.597880423069000244e-01,-1.416319422423839569e-02,2.574414573609828949e-02,2.447881922125816345e-02,-4.375231564044952393e-01,-1.188907101750373840e-01,-1.536530554294586182e-01,-2.338695973157882690e-01,-2.046447098255157471e-01,-1.592459082603454590e-01,1.198532059788703918e-01,3.868784755468368530e-02,-2.080699503421783447e-01,-2.337852269411087036e-01,2.490946501493453979e-01,-1.172174979001283646e-02,-5.045536532998085022e-02,-1.135198771953582764e-01,3.861795365810394287e-01,-1.940255612134933472e-01,1.016193106770515442e-01,-1.551394015550613403e-01,-3.168176859617233276e-02,-5.897583067417144775e-02,-1.250912547111511230e-01,8.264930546283721924e-02,7.056104391813278198e-02,-6.028224155306816101e-02,2.976714372634887695e-01,-1.997087895870208740e-01,2.408706545829772949e-01,-1.903108209371566772e-01,1.555386483669281006e-01,1.773519217967987061e-01,1.601152420043945312e-01,-2.455833107233047485e-01,5.009509623050689697e-03,-9.550387412309646606e-02,-2.494925558567047119e-01,8.408857882022857666e-02,2.299447506666183472e-01,-4.696716368198394775e-02,1.729483753442764282e-01,-1.738111078739166260e-01,-5.627997592091560364e-02,-2.121363878250122070e-01,-1.349327992647886276e-02,1.178279742598533630e-01,9.073439054191112518e-03,-1.294521391391754150e-01,-3.584798425436019897e-02,1.495776474475860596e-01,-8.568220585584640503e-02,1.409790515899658203e-01,-5.477835237979888916e-02,-1.521175056695938110e-01,-6.718456000089645386e-02,-2.012632973492145538e-02,-2.989855594933032990e-03,4.508787766098976135e-02,-5.989924818277359009e-02,-1.635255962610244751e-01,4.047749936580657959e-02,-1.662753149867057800e-02,8.677604049444198608e-02,3.009380958974361420e-02,1.830236613750457764e-01,-1.544496417045593262e-01,6.040717661380767822e-02,1.487953960895538330e-01,5.114981904625892639e-02,8.365841209888458252e-02,1.853461749851703644e-02,-9.720063954591751099e-02,2.456724196672439575e-01,1.783029139041900635e-01,4.200328141450881958e-02,-6.360235810279846191e-02,-4.759818688035011292e-02,2.709309458732604980e-01,-1.244826540350914001e-01,3.207387924194335938e-01,3.200793638825416565e-02,-4.167670905590057373e-01,1.915734112262725830e-01,-1.234687641263008118e-01,1.015561595559120178e-01,8.435900509357452393e-02,-5.499326623976230621e-03,-1.098766252398490906e-01,1.499079614877700806e-01,1.222614496946334839e-01,-1.190723180770874023e-01,-2.413757331669330597e-02,-9.791821241378784180e-02,2.152604311704635620e-01,-8.702177554368972778e-02,-3.933545574545860291e-02,5.585084483027458191e-02,-2.482767254114151001e-01,1.077452600002288818e-01,2.347268909215927124e-01,1.382053550332784653e-02,-1.547949612140655518e-01,1.742859631776809692e-01,2.065079519525170326e-03,2.636091038584709167e-02,1.627563089132308960e-01,-6.037279218435287476e-02,8.831205219030380249e-02,-2.041278593242168427e-02,-6.875713355839252472e-03,-1.102456226944923401e-01,-7.560937851667404175e-02,1.668971963226795197e-02,1.056466773152351379e-01,-1.039746869355440140e-02,1.509817242622375488e-01,1.086720302700996399e-01,-2.606372237205505371e-01,-1.147338673472404480e-01,-4.294951260089874268e-02,-7.659284770488739014e-02,1.363708078861236572e-01,-1.121282577514648438e-02,2.312326133251190186e-01,1.225484237074851990e-01,-1.454758495092391968e-01,-1.003181040287017822e-01,-3.138567507266998291e-01,1.417039334774017334e-01,-1.053795292973518372e-01,8.942621946334838867e-02,1.032685339450836182e-01,-4.482956230640411377e-02,2.864392995834350586e-01,-1.650852859020233154e-01,1.355259567499160767e-01,-1.826284229755401611e-01,1.197912022471427917e-01,1.329826861619949341e-01,8.688784390687942505e-02,-3.366228938102722168e-02,-2.001528814435005188e-02,-5.576393753290176392e-02,-6.833208352327346802e-02,-1.506124585866928101e-01,1.361644268035888672e-01,-2.932053208351135254e-01,-1.095827594399452209e-01,1.347874253988265991e-01,4.729303717613220215e-02,-1.625656634569168091e-01,-4.109500646591186523e-01,-2.185683548450469971e-01,-1.110210418701171875e-01,-2.164303325116634369e-02,1.008080318570137024e-01,-4.996029287576675415e-02,4.141141101717948914e-02,-1.775992363691329956e-01,-1.786941140890121460e-01,1.342146098613739014e-01,1.500991582870483398e-01,-1.134817525744438171e-01,-1.301658451557159424e-01,-4.014890268445014954e-02,-3.291202485561370850e-01,-7.205908745527267456e-02,-3.674305081367492676e-01,-8.139678835868835449e-02,-8.742929250001907349e-02,-1.890314929187297821e-02,6.167205423116683960e-02,-1.213428825139999390e-01,-1.555564701557159424e-01,-1.971112638711929321e-01,-3.568361699581146240e-01,1.655521243810653687e-01,1.882774084806442261e-01,-6.216609105467796326e-02,-1.027878522872924805e-01,4.647633433341979980e-02,-1.895379573106765747e-01,4.423335194587707520e-02,4.504248872399330139e-02,5.753535404801368713e-02,7.007914036512374878e-02,2.213174104690551758e-02,2.066250741481781006e-01,1.089275069534778595e-02,1.979492753744125366e-01,1.862825825810432434e-02,-3.124318122863769531e-01,-6.954266224056482315e-03,2.612038888037204742e-02,-7.365228980779647827e-02,7.399668544530868530e-02,-1.310955286026000977e-01
-3.113197721540927887e-02,2.693113870918750763e-02,4.849356412887573242e-02,-5.860110372304916382e-02,2.346468418836593628e-01,-7.069543004035949707e-02,7.890491932630538940e-02,-1.196214556694030762e-01,-5.374193936586380005e-02,3.107194900512695312e-01,7.367093116044998169e-03,-7.777594961225986481e-03,2.652570009231567383e-01,-1.816733926534652710e-02,-1.133828703314065933e-02,1.123599484562873840e-01,-2.154364436864852905e-01,2.848044335842132568e-01,-2.512306272983551025e-01,8.052971214056015015e-02,-4.622126743197441101e-02,-1.941792368888854980e-01,1.531720012426376343e-01,-5.218674615025520325e-02,-1.630631275475025177e-02,3.930697217583656311e-02,1.069537922739982605e-01,-3.207136318087577820e-02,1.045707315206527710e-01,-3.392105456441640854e-03,-4.204936791211366653e-03,-8.195876330137252808e-02,6.037984043359756470e-02,2.000977694988250732e-01,1.106701865792274475e-01,1.805326715111732483e-02,1.816909015178680420e-01,9.403499215841293335e-02,-5.284044425934553146e-03,3.830213844776153564e-02,-1.145855188369750977e-01,-1.367465555667877197e-01,-2.543171681463718414e-02,8.192577213048934937e-02,-1.513445470482110977e-02,-7.519678771495819092e-02,1.090132817625999451e-02,6.779397279024124146e-02,3.166677653789520264e-01,8.604349195957183838e-02,1.460663378238677979e-01,3.577384725213050842e-02,1.652220934629440308e-01,-4.168234765529632568e-02,1.705036014318466187e-01,1.152308210730552673e-01,1.388456113636493683e-02,-8.192040771245956421e-02,-7.863952778279781342e-03,1.311172246932983398e-01,-4.235098138451576233e-02,1.700917780399322510e-01,1.567935198545455933e-01,5.380359664559364319e-02,1.641730666160583496e-01,6.033538281917572021e-02,1.306870281696319580e-01,1.314695626497268677e-01,-6.869773566722869873e-02,1.013656407594680786e-01,2.829591184854507446e-02,1.518094539642333984e-01,1.839147880673408508e-02,2.047614566981792450e-02,5.348434299230575562e-02,3.764886409044265747e-02,-5.478545557707548141e-03,-1.744836121797561646e-01,8.405724167823791504e-02,7.169670611619949341e-02,1.136086359620094299e-01,6.595285236835479736e-02,-8.991403132677078247e-02,1.366160959005355835e-01,-7.378448545932769775e-02,-3.337119147181510925e-02,-2.316424697637557983e-01,1.170683279633522034e-01,-2.057473212480545044e-01,1.411286592483520508e-01,2.014111913740634918e-02,5.798408016562461853e-02,7.854250073432922363e-02,3.780551999807357788e-02,-1.211104989051818848e-01,-8.613883703947067261e-02,-1.026466712355613708e-01,1.918411999940872192e-01,1.178674548864364624e-01,1.150917932391166687e-01,6.416209787130355835e-02,-2.142630666494369507e-01,3.952687233686447144e-02,-1.137417852878570557e-01,1.574661955237388611e-02,-2.333413809537887573e-01,-2.102568931877613068e-02,-2.217249572277069092e-02,-4.485963657498359680e-02,4.027559608221054077e-02,-6.382139772176742554e-02,-1.141351088881492615e-01,6.202013418078422546e-02,2.076156139373779297e-01,-2.081576921045780182e-02,1.319530159235000610e-01,1.033780723810195923e-01,-1.450899392366409302e-01,1.538957655429840088e-01,5.525361001491546631e-02,-3.153223171830177307e-02,-2.209381312131881714e-01,-1.693855077028274536e-01,1.100264955312013626e-02,1.832885295152664185e-02,1.567127555608749390e-01,-4.163060709834098816e-02,-3.362554823979735374e-03,1.889979243278503418e-01,1.751597523689270020e-01,1.749764978885650635e-01,-1.492535416036844254e-02,-1.338533908128738403e-01,-4.614079743623733521e-02,-1.474912017583847046e-01,6.450544297695159912e-02,1.139127090573310852e-02,9.851334616541862488e-03,2.474059462547302246e-01,-1.023899540305137634e-01,-1.756951659917831421e-01,6.980814784765243530e-02,2.317793369293212891e-01,-5.750569701194763184e-02,6.907726824283599854e-02,1.126698702573776245e-01,2.762327529489994049e-02,7.790637016296386719e-02,-1.306955665349960327e-01,-1.225064173340797424e-01,-1.084543392062187195e-01,5.745452642440795898e-02,-6.810729205608367920e-02,5.298773944377899170e-02,3.093226067721843719e-02,3.146649524569511414e-02,1.493681818246841431e-01,2.106120251119136810e-02,-7.851453125476837158e-02,1.475253235548734665e-02,-1.067463532090187073e-01,-7.551942020654678345e-02,-8.797307312488555908e-02,1.236168444156646729e-01,-1.564598530530929565e-01,6.514346599578857422e-02,8.472457528114318848e-02,-5.196516215801239014e-02,-8.673923462629318237e-02,-5.808225646615028381e-02,1.257531810551881790e-02,-1.916320249438285828e-02,-1.056002750992774963e-01,1.420724093914031982e-01,-2.884203195571899414e-02,-1.471529603004455566e-01,-1.278793513774871826e-01,-2.064861655235290527e-01,-6.679043173789978027e-02,-5.163248255848884583e-02,1.199219748377799988e-01,3.450506553053855896e-02,-3.073542565107345581e-02,1.015733405947685242e-01,9.239893406629562378e-03,-1.471272557973861694e-01,-3.451354056596755981e-02,-7.145568728446960449e-02,-1.250694096088409424e-01,4.326698184013366699e-02,-1.956596374511718750e-01,-3.217922151088714600e-01,3.542401129379868507e-03,-5.458576604723930359e-02,4.004566743969917297e-02,3.121098875999450684e-01,5.337512865662574768e-02,-1.625985023565590382e-03,5.376373603940010071e-02,-2.475679814815521240e-01,-3.709932416677474976e-02,-3.013296723365783691e-01,1.722473353147506714e-01,-1.296624392271041870e-01,-5.664863809943199158e-02,2.209553569555282593e-01,2.639313936233520508e-01,2.529220469295978546e-02,1.018216833472251892e-01,-1.223188359290361404e-02,3.417734503746032715e-01,-2.955652959644794464e-02,-8.980609476566314697e-03,4.759157076478004456e-02,-4.770974814891815186e-02,-7.414311915636062622e-02,1.595687568187713623e-01,-9.115005284547805786e-02,2.029595226049423218e-01,-1.528120636940002441e-01,-7.134822756052017212e-02,-1.753099635243415833e-02,-1.035932376980781555e-01,3.593980520963668823e-02,8.401966840028762817e-02,-8.697722852230072021e-02,1.330561488866806030e-01,-2.709171473979949951e-01,9.017967432737350464e-02,-2.694747224450111389e-02,-9.489560872316360474e-02,-7.297319173812866211e-02,-7.529831677675247192e-02,1.402242481708526611e-01,5.566865578293800354e-02,-7.636921852827072144e-02,9.941655397415161133e-02,9.202005714178085327e-02,-7.782376557588577271e-02,-7.200242578983306885e-02,7.653874158859252930e-02,-1.333135962486267090e-01,6.774320267140865326e-03,-3.371273875236511230e-01,5.018517374992370605e-02,-2.541715651750564575e-02,-1.300947070121765137e-01,-3.442299086600542068e-03,-3.261218592524528503e-02,7.334712147712707520e-02,1.455381792038679123e-02,-1.236255466938018799e-02,1.590936928987503052e-01,-1.229806616902351379e-02,-1.044077100232243538e-03,1.199272274971008301e-01
7.013592869043350220e-02,2.722454965114593506e-01,2.069191634654998779e-01,2.760645560920238495e-02,5.565966293215751648e-02,-3.203479945659637451e-01,-4.690738022327423096e-01,-1.152335405349731445e-01,-4.485965892672538757e-02,-3.650375455617904663e-02,1.182014718651771545e-01,-2.798973619937896729e-01,-1.940806955099105835e-01,-3.339638467878103256e-03,-1.077156886458396912e-01,-9.034912288188934326e-02,6.785602867603302002e-02,9.883815795183181763e-02,9.736551903188228607e-03,2.176338285207748413e-01,-9.058222919702529907e-02,-2.449083775281906128e-01,-1.267541944980621338e-01,-2.234536409378051758e-01,-1.015655770897865295e-01,1.837159246206283569e-01,-8.291757106781005859e-02,-1.895454525947570801e-01,8.242888748645782471e-02,-9.983075410127639771e-02,-2.484138309955596924e-01,1.620923355221748352e-02,-1.289353519678115845e-01,-7.210843730717897415e-03,-2.409631162881851196e-01,8.515149354934692383e-02,-6.737352907657623291e-02,4.570692405104637146e-02,1.103099957108497620e-01,-1.228120401501655579e-01,4.776087030768394470e-02,-9.031016379594802856e-02,-8.613883703947067261e-02,7.272927463054656982e-02,-1.102994233369827271e-01,1.453476101160049438e-01,-1.205676198005676270e-01,2.822884023189544678e-01,-3.708367794752120972e-02,-2.602670788764953613e-01,-1.266290396451950073e-01,-1.201726719737052917e-01,6.084622442722320557e-02,2.638431787490844727e-01,7.816843688488006592e-02,1.140275225043296814e-01,1.221829443238675594e-03,-1.354155540466308594e-01,4.665461555123329163e-02,1.642918959259986877e-02,-1.339489519596099854e-01,-1.047413051128387451e-01,-2.411470189690589905e-02,1.370505392551422119e-01,6.204885989427566528e-02,1.045194119215011597e-01,2.214095890522003174e-01,3.415352106094360352e-02,-2.164694517850875854e-01,-8.191834390163421631e-02,-4.637664258480072021e-01,-4.511514008045196533e-01,1.130821704864501953e-01,-4.222752898931503296e-02,6.578926742076873779e-02,-7.329161744564771652e-03,-1.745731830596923828e-01,5.241297930479049683e-02,8.590219542384147644e-03,6.232526153326034546e-02,-2.381708845496177673e-02,-8.172363042831420898e-02,2.526684664189815521e-02,-7.787883281707763672e-02,-1.292508542537689209e-01,-2.852253913879394531e-01,-8.402669429779052734e-02,-3.280321359634399414e-01,-1.285963952541351318e-01,8.326552808284759521e-02,1.539155244827270508e-01,-1.262312680482864380e-01,9.548760019242763519e-03,-1.836723983287811279e-01,-1.952408850193023682e-01,-7.185329496860504150e-02,-6.778385490179061890e-02,-3.123180940747261047e-02,8.564091473817825317e-02,1.020426005125045776e-01,1.498631983995437622e-01,9.483037889003753662e-02,3.576697036623954773e-02,-1.248348727822303772e-01,5.524831265211105347e-02,-1.050303280353546143e-01,-4.774949327111244202e-02,-3.660907968878746033e-02,-6.486266851425170898e-03,-1.232911273837089539e-01,-8.034193515777587891e-02,-1.030774042010307312e-01,-8.503579348325729370e-02,-1.651250422000885010e-01,4.040728509426116943e-02,-6.038330867886543274e-02,1.098562497645616531e-02,7.748316973447799683e-02,-2.476903237402439117e-02,5.373324826359748840e-02,3.453911840915679932e-01,2.016282640397548676e-03,-3.073300980031490326e-02,-7.469738274812698364e-02,-8.764711767435073853e-02,-2.762694954872131348e-01,-1.774013489484786987e-01,1.114018484950065613e-01,-3.319272398948669434e-02,-1.814059726893901825e-02,2.270012646913528442e-01,-8.830311149358749390e-02,-1.578454971313476562e-01,1.794399768114089966e-01,-1.647404730319976807e-01,-2.174962460994720459e-01,-1.113393679261207581e-01,-7.054732739925384521e-02,-3.051926195621490479e-02,-3.383510187268257141e-02,2.424935251474380493e-01,7.353144139051437378e-02,-1.512974649667739868e-01,1.282817423343658447e-01,-2.213272452354431152e-02,2.786396071314811707e-02,-1.020589396357536316e-01,-1.634917557239532471e-01,-1.804515570402145386e-01,-5.800420790910720825e-02,-2.031124383211135864e-01,-1.848001480102539062e-01,-5.544202029705047607e-02,7.341732829809188843e-02,-3.142260247841477394e-04,-8.422223478555679321e-02,9.721796214580535889e-02,-1.747058480978012085e-01,5.265166517347097397e-03,3.792551159858703613e-02,1.847928613424301147e-01,-5.848450213670730591e-02,4.845431819558143616e-02,4.662595689296722412e-02,1.105634272098541260e-01,-1.707923263311386108e-01,-5.999979376792907715e-02,1.631902009248733521e-01,-5.775827541947364807e-02,5.834949761629104614e-02,2.424429915845394135e-02,5.319611355662345886e-02,-2.165000699460506439e-02,-1.820285469293594360e-01,-6.941154599189758301e-02,1.513971537351608276e-01,-4.387945518828928471e-04,-1.794037371873855591e-01,-3.997338190674781799e-02,8.829613029956817627e-02,-1.901253759860992432e-01,-7.098245620727539062e-02,-4.368522018194198608e-02,9.669896960258483887e-02,2.098900638520717621e-02,-8.910158276557922363e-02,8.136571943759918213e-02,5.678785592317581177e-02,-1.206365749239921570e-01,-2.392879314720630646e-02,9.189655631780624390e-02,2.150537520647048950e-01,-1.123902946710586548e-01,-9.154411032795906067e-03,-8.974628895521163940e-02,-2.125439792871475220e-01,-1.639083027839660645e-01,1.421037912368774414e-01,4.266408458352088928e-02,3.262336552143096924e-02,-6.585321575403213501e-02,9.540340304374694824e-02,-2.038039863109588623e-01,5.733417812734842300e-03,2.121027708053588867e-01,-3.706726133823394775e-01,-1.418994218111038208e-01,-1.682669967412948608e-01,9.785561263561248779e-02,-1.276338100433349609e-01,-4.707234352827072144e-02,-2.219201475381851196e-01,-1.214338392019271851e-01,1.222048252820968628e-01,1.150232506915926933e-03,9.813144803047180176e-02,-1.768310368061065674e-01,-2.077708691358566284e-01,-1.205523759126663208e-01,-1.084740646183490753e-02,9.051638096570968628e-02,-1.648796498775482178e-01,-4.087148979306221008e-02,-1.283423751592636108e-01,1.037207618355751038e-01,3.804379329085350037e-02,-1.066439002752304077e-01,1.281158905476331711e-02,1.481147408485412598e-01,-5.964930355548858643e-02,9.775299578905105591e-02,4.650406166911125183e-02,2.274272590875625610e-02,1.273448579013347626e-02,1.317616999149322510e-01,1.036057323217391968e-01,-3.003465570509433746e-02,-1.756410896778106689e-01,1.383347958326339722e-01,8.878970891237258911e-02,-2.369652390480041504e-01,3.887825831770896912e-02,-2.310118973255157471e-01,1.019995808601379395e-01,9.387471526861190796e-02,-9.138408303260803223e-02,6.075245887041091919e-02,-1.724049001932144165e-01,-1.024139299988746643e-01,9.297873079776763916e-02,-1.501267701387405396e-01,7.382815331220626831e-02,-5.154511332511901855e-02,1.422839015722274780e-01,1.135258898138999939e-01,-1.148810312151908875e-01
-1.505253836512565613e-02,1.313749514520168304e-02,6.845629960298538208e-02,1.015577465295791626e-01,1.725475192070007324e-01,2.153064906597137451e-01,7.633644342422485352e-02,1.389757394790649414e-01,1.405104547739028931e-01,1.916851550340652466e-01,2.253831550478935242e-02,6.695422530174255371e-02,-4.042250290513038635e-02,-1.065199226140975952e-01,1.932259649038314819e-02,1.494624763727188110e-01,-1.410711854696273804e-01,1.171997264027595520e-01,-7.662767916917800903e-02,-1.059078350663185120e-01,8.322250843048095703e-02,3.913881257176399231e-02,-6.769096851348876953e-02,-1.599682867527008057e-02,-5.283107608556747437e-02,-2.693285606801509857e-02,8.123619109392166138e-02,1.196931377053260803e-01,-8.939056098461151123e-02,-5.816526710987091064e-02,1.570670157670974731e-01,4.796547070145606995e-02,5.981916189193725586e-02,1.277187466621398926e-01,7.508692145347595215e-02,-9.504560381174087524e-02,9.954345971345901489e-02,2.707367017865180969e-02,8.648012578487396240e-02,-1.838955469429492950e-02,-4.059411212801933289e-02,-1.034872047603130341e-02,-4.676660522818565369e-02,2.334541231393814087e-01,-2.532533407211303711e-01,1.706040836870670319e-02,4.467611014842987061e-02,1.513083279132843018e-01,-4.795438423752784729e-02,-5.158004909753799438e-02,-3.342415392398834229e-02,-3.767730668187141418e-02,1.912962198257446289e-01,-4.626254364848136902e-02,2.834186553955078125e-01,1.596409082412719727e-01,-1.704926490783691406e-01,-1.607965528964996338e-01,-2.219562381505966187e-01,1.825087517499923706e-01,-6.706009735353291035e-04,1.907759606838226318e-01,1.005122959613800049e-01,-1.211039945483207703e-01,1.201039459556341171e-02,-8.704783767461776733e-02,1.964860362932085991e-03,-2.599317729473114014e-01,3.479588925838470459e-01,1.292342990636825562e-01,1.024227589368820190e-01,7.925579696893692017e-02,2.223901003599166870e-01,1.241719648241996765e-01,4.097204189747571945e-03,1.821873635053634644e-01,-1.146202310919761658e-01,-8.889805525541305542e-02,1.817757934331893921e-01,3.444580361247062683e-02,1.278847455978393555e-01,5.134770274162292480e-02,-2.455289475619792938e-02,-8.578049018979072571e-03,6.576623301953077316e-03,7.843598723411560059e-02,8.864721655845642090e-02,1.848414093255996704e-01,-1.966499537229537964e-02,-7.178978528827428818e-03,-8.233922719955444336e-02,1.460685133934020996e-01,1.065807119011878967e-01,-3.244383260607719421e-02,1.286518126726150513e-01,1.452440172433853149e-01,-2.400697320699691772e-01,2.148934006690979004e-01,1.077663227915763855e-01,6.856346875429153442e-02,1.237731948494911194e-01,-3.969535976648330688e-02,1.869916357100009918e-02,-1.266910135746002197e-01,-4.452402144670486450e-02,5.844148993492126465e-02,-1.062389314174652100e-01,1.775270104408264160e-01,2.150487899780273438e-01,4.113080352544784546e-02,1.603266447782516479e-01,1.345269083976745605e-01,-6.940782186575233936e-04,-1.208268329501152039e-01,1.946016214787960052e-02,8.809730410575866699e-02,1.707935333251953125e-01,6.945636123418807983e-02,1.183194220066070557e-01,1.930574327707290649e-02,1.382156610488891602e-01,1.027573049068450928e-01,2.069503441452980042e-02,-4.637258127331733704e-02,1.629108637571334839e-01,1.097842231392860413e-01,1.298665851354598999e-01,9.096021205186843872e-02,6.667407602071762085e-02,6.710460036993026733e-02,2.339147180318832397e-01,-2.982377707958221436e-01,-1.201393175870180130e-02,1.404740661382675171e-01,1.323221772909164429e-01,-2.373624034225940704e-02,5.506489053368568420e-02,-3.487665206193923950e-02,-2.347526103258132935e-01,-5.347030237317085266e-02,-1.618143916130065918e-01,1.020548958331346512e-02,2.591679394245147705e-01,-7.400961965322494507e-02,7.510852813720703125e-02,7.595561444759368896e-02,1.565827876329421997e-01,-1.907017081975936890e-02,1.888933964073657990e-02,1.981086563318967819e-03,8.815249055624008179e-02,1.237543076276779175e-01,-3.357119858264923096e-03,-1.059130579233169556e-02,-9.581898897886276245e-02,-2.102535590529441833e-02,-1.609526425600051880e-01,7.297205924987792969e-02,8.974911272525787354e-02,-2.438834868371486664e-02,9.781054407358169556e-02,-1.233692914247512817e-01,4.427818953990936279e-02,-4.573840182274580002e-03,1.556585282087326050e-01,8.788802078925073147e-04,-6.241229129955172539e-04,-5.323679745197296143e-02,3.950078785419464111e-02,6.855492293834686279e-02,-1.325043737888336182e-01,7.686790078878402710e-02,1.760100871324539185e-01,3.586960956454277039e-02,-8.018103986978530884e-02,3.929480537772178650e-02,-3.404462710022926331e-02,-1.405175571562722325e-04,2.122665643692016602e-01,-7.764736562967300415e-02,2.891199290752410889e-02,-1.728783547878265381e-02,3.208785131573677063e-02,-5.066948756575584412e-02,4.567461460828781128e-02,-1.668129563331604004e-01,-3.923948854207992554e-02,-2.936278656125068665e-02,-5.261852964758872986e-02,-1.403753310441970825e-01,1.177429035305976868e-01,2.867637388408184052e-02,-7.072055339813232422e-02,2.685860097408294678e-01,1.496042311191558838e-01,1.233759075403213501e-01,-1.674336791038513184e-01,-2.061689347028732300e-01,-9.975956380367279053e-02,-6.212281528860330582e-03,2.265043258666992188e-01,-2.308536469936370850e-01,1.440415680408477783e-01,-4.383073747158050537e-02,-6.535935401916503906e-02,9.194725006818771362e-02,-4.347410798072814941e-02,-2.884302735328674316e-01,-1.342086941003799438e-01,1.825543493032455444e-01,2.322544902563095093e-01,2.224493771791458130e-01,-4.398081079125404358e-02,-1.306409016251564026e-02,-1.113277077674865723e-01,-9.013035893440246582e-02,4.716025665402412415e-02,1.546197831630706787e-01,2.553990185260772705e-01,-2.989174425601959229e-01,-4.976788908243179321e-02,1.151103526353836060e-01,1.202800944447517395e-01,-2.470259517431259155e-01,-1.661580614745616913e-02,1.415568292140960693e-01,2.243036180734634399e-01,4.289246629923582077e-03,-2.610762417316436768e-01,-1.262109875679016113e-01,-1.500707566738128662e-01,1.317311227321624756e-01,1.412247270345687866e-01,-8.042890578508377075e-02,2.126712501049041748e-01,-1.574501693248748779e-01,2.800119519233703613e-01,7.495217025279998779e-02,-7.223984599113464355e-02,-3.197321295738220215e-01,-2.774041611701250076e-03,-1.051767095923423767e-01,-1.995394080877304077e-01,1.606175005435943604e-01,-1.989510357379913330e-01,-5.841269716620445251e-02,-2.794475853443145752e-01,1.272267252206802368e-01,-7.427901774644851685e-02,-1.580321639776229858e-01,5.983586981892585754e-02,-4.148363173007965088e-01,6.436903774738311768e-02,3.379236161708831787e-02,-1.132548004388809204e-01,-7.787846773862838745e-02
-1.292325705289840698e-01,-4.840540140867233276e-02,-3.565724194049835205e-02,-7.816687971353530884e-02,7.088410202413797379e-03,1.483468990772962570e-02,3.237643465399742126e-02,-3.426083922386169434e-02,-7.045519351959228516e-02,-7.301755994558334351e-02,4.106849431991577148e-02,-1.111678928136825562e-01,8.774155378341674805e-02,3.183389082551002502e-02,2.736581675708293915e-02,-8.855093270540237427e-02,-2.253344357013702393e-01,3.473324328660964966e-02,-4.070755839347839355e-02,-5.261832848191261292e-02,-1.641542017459869385e-01,-2.308934330940246582e-01,-1.208990663290023804e-01,-8.663462847471237183e-02,-4.926395416259765625e-02,-9.906017221510410309e-03,-1.138847172260284424e-01,1.444299668073654175e-01,1.096745114773511887e-02,-1.620605587959289551e-01,-1.226201355457305908e-01,-1.398986726999282837e-01,-4.793834686279296875e-02,-7.997261732816696167e-02,-9.790147095918655396e-02,-5.948496609926223755e-02,-1.471130847930908203e-01,-1.122620627284049988e-01,3.395908325910568237e-02,1.727885007858276367e-02,-7.037486135959625244e-02,-2.320441305637359619e-01,-2.776589803397655487e-02,2.563456818461418152e-02,-1.403351724147796631e-01,-8.940076082944869995e-02,-3.535118103027343750e-01,-1.883246898651123047e-01,-1.555652618408203125e-01,3.222590684890747070e-02,-9.198524057865142822e-02,6.041961535811424255e-02,-8.487682789564132690e-02,1.953827589750289917e-01,-7.667189091444015503e-02,4.256147891283035278e-02,-4.735124483704566956e-02,-9.900347888469696045e-02,1.522165834903717041e-01,-2.057417482137680054e-01,1.387127209454774857e-02,9.951296262443065643e-03,1.017495542764663696e-01,-1.779135167598724365e-01,-4.173936694860458374e-02,4.191750660538673401e-02,-2.988595888018608093e-02,2.247192338109016418e-02,8.864071965217590332e-02,1.870578080415725708e-01,2.115176059305667877e-03,-4.113471508026123047e-02,1.540626436471939087e-01,3.654353320598602295e-02,-1.445153728127479553e-02,5.390852317214012146e-02,5.007061734795570374e-02,-2.054051309823989868e-02,-8.509568125009536743e-02,6.716889888048171997e-02,-2.443222850561141968e-01,-1.087915375828742981e-01,-4.414581879973411560e-02,-1.731995940208435059e-01,-4.962410032749176025e-02,2.715993113815784454e-02,-1.643873304128646851e-01,6.552497297525405884e-02,1.417770981788635254e-01,6.057890504598617554e-02,-2.349024079740047455e-02,8.993542194366455078e-02,-1.623984724283218384e-01,-2.739776112139225006e-02,-7.567162066698074341e-02,-5.310319736599922180e-02,5.265433341264724731e-02,-2.182463407516479492e-01,3.960327059030532837e-02,2.994272485375404358e-02,-1.328765302896499634e-01,8.033126592636108398e-02,-1.421752870082855225e-01,5.501690506935119629e-02,-9.644818492233753204e-04,-6.778413802385330200e-02,9.213008731603622437e-02,6.236179918050765991e-02,-3.596078604459762573e-02,-6.577750295400619507e-02,-9.636891633272171021e-02,1.931090503931045532e-01,-1.161756590008735657e-01,-5.924581736326217651e-02,-2.923054061830043793e-02,-1.156909689307212830e-01,1.778010744601488113e-03,1.083318665623664856e-01,-1.913215368986129761e-01,-2.026579082012176514e-01,-5.448280274868011475e-02,-1.022082269191741943e-01,4.085973650217056274e-02,1.092953085899353027e-01,-2.140930667519569397e-02,3.589930012822151184e-02,-7.618762552738189697e-02,-2.196988463401794434e-02,-9.514965116977691650e-02,-4.072827869094908237e-04,7.433763705193996429e-03,-3.168180119246244431e-03,-4.543272778391838074e-02,-6.162730231881141663e-02,1.118696178309619427e-03,-1.027459651231765747e-01,6.360463052988052368e-02,-1.683492362499237061e-01,-4.204916581511497498e-02,-1.574971228837966919e-01,5.761257186532020569e-02,1.071710810065269470e-01,4.395845159888267517e-02,-4.855563119053840637e-02,-4.273927211761474609e-02,-1.350909620523452759e-01,5.885584279894828796e-02,-1.413200795650482178e-01,-7.168781757354736328e-02,-1.871661394834518433e-01,-2.712109498679637909e-02,-1.397760361433029175e-01,-1.346632000058889389e-02,-8.485142886638641357e-02,1.798730194568634033e-01,3.961654845625162125e-03,-1.957958191633224487e-01,-5.298738926649093628e-02,1.924005523324012756e-02,-6.537799537181854248e-02,-1.338997781276702881e-01,-3.307997807860374451e-02,-3.845336288213729858e-02,5.720925331115722656e-02,1.202701702713966370e-01,5.835799127817153931e-02,-1.870980709791183472e-01,1.307447627186775208e-02,-4.459545388817787170e-02,-1.061996668577194214e-01,-4.162753373384475708e-02,-1.418235003948211670e-01,-8.334188163280487061e-02,-9.655296057462692261e-02,3.875243291258811951e-02,6.325042992830276489e-02,-1.704691797494888306e-01,-4.553411900997161865e-02,-1.211242452263832092e-01,-4.697831347584724426e-02,6.029292568564414978e-02,1.376790106296539307e-01,6.965345889329910278e-02,4.567144438624382019e-02,-6.824862957000732422e-02,-3.268748149275779724e-02,-1.857145503163337708e-02,-4.964184388518333435e-02,-1.442849915474653244e-02,-2.575684804469347000e-03,-1.470373272895812988e-01,1.537554804235696793e-02,-1.978058181703090668e-02,-2.337389811873435974e-02,4.897208884358406067e-03,5.820125713944435120e-02,-5.866741389036178589e-02,-1.902590692043304443e-01,2.973876520991325378e-02,-1.699780672788619995e-01,-4.251816868782043457e-02,7.561130821704864502e-02,1.280562728643417358e-01,3.976761549711227417e-02,-5.741823464632034302e-02,-1.144437715411186218e-01,-1.729783602058887482e-02,-4.251610487699508667e-02,4.383779689669609070e-02,1.453358307480812073e-02,1.111182719469070435e-01,-7.411689311265945435e-02,7.132707536220550537e-02,3.653138875961303711e-02,5.396533012390136719e-02,7.707165926694869995e-02,-9.441899508237838745e-02,-3.247275203466415405e-02,-1.176137924194335938e-01,-1.735996007919311523e-01,-1.616320312023162842e-01,-1.107830926775932312e-01,-7.289700210094451904e-02,-9.311690181493759155e-02,-1.616129130125045776e-01,-6.254696100950241089e-02,-1.400584578514099121e-01,-1.296895891427993774e-01,-5.110845342278480530e-02,4.302063956856727600e-02,7.937488704919815063e-02,-1.798865385353565216e-02,-8.884602040052413940e-02,-7.112815976142883301e-02,-7.179159671068191528e-02,8.975424617528915405e-02,-4.807521402835845947e-02,5.600117146968841553e-02,-1.034736353904008865e-02,-9.247706830501556396e-02,-2.518604099750518799e-01,2.592022344470024109e-02,-9.078687429428100586e-02,6.507932394742965698e-02,-1.788950115442276001e-01,6.127570755779743195e-03,8.685792982578277588e-02,3.499023616313934326e-02,1.799389868974685669e-01,-2.531161904335021973e-02,-8.948795497417449951e-02,-1.528002321720123291e-01,-7.586821913719177246e-02,1.348288953304290771e-01,-2.702813595533370972e-03,-7.903105020523071289e-02
2.551504671573638916e-01,-7.606428861618041992e-02,1.261609792709350586e-01,1.146401613950729370e-01,-1.408529728651046753e-01,-5.361761897802352905e-02,-1.755498722195625305e-02,-2.489915043115615845e-01,4.855363443493843079e-02,-4.883836954832077026e-02,6.995211541652679443e-02,-7.633246481418609619e-02,-7.479369174689054489e-03,-4.634752869606018066e-02,-1.589724123477935791e-01,1.692196130752563477e-01,-1.396495848894119263e-01,-1.564813852310180664e-01,-2.560058832168579102e-01,-1.046680733561515808e-01,1.058429256081581116e-01,-6.795298308134078979e-02,-2.413480430841445923e-01,-1.131889820098876953e-01,-2.524018473923206329e-02,-3.930749595165252686e-01,-2.307798266410827637e-01,1.818486489355564117e-02,-3.175781294703483582e-02,1.719385012984275818e-02,-7.190676033496856689e-02,2.859206870198249817e-02,-1.834744215011596680e-01,-2.741076648235321045e-01,-1.106636524200439453e-01,3.244787827134132385e-02,1.110590156167745590e-02,-5.396550893783569336e-02,1.346139907836914062e-01,-9.922866709530353546e-03,-4.332648962736129761e-02,-1.971635073423385620e-01,-7.672157883644104004e-02,1.189704462885856628e-01,-8.116360008716583252e-02,-1.911581903696060181e-01,-4.775648564100265503e-02,-8.972026407718658447e-02,-8.140012621879577637e-02,-2.027261108160018921e-01,-3.493805602192878723e-02,-2.253926247358322144e-01,-2.444219542667269707e-03,-1.235084515064954758e-02,5.254903063178062439e-02,6.900330539792776108e-03,5.603552237153053284e-02,8.213816583156585693e-02,1.455981135368347168e-01,-4.888428840786218643e-03,-2.525335177779197693e-02,-1.331021636724472046e-01,-1.896321214735507965e-02,1.819025725126266479e-03,5.000001937150955200e-02,-1.320610642433166504e-01,-8.455756306648254395e-02,-3.788549080491065979e-02,1.080305278301239014e-01,1.475989818572998047e-01,-1.617209464311599731e-01,-1.202023327350616455e-01,-1.874586194753646851e-01,-1.061488017439842224e-01,1.164615433663129807e-02,8.479604125022888184e-02,-8.594183623790740967e-02,-1.199910938739776611e-01,-1.699136942625045776e-01,-7.174600381404161453e-03,1.037563458085060120e-01,-1.087464168667793274e-01,1.104913130402565002e-01,2.219683257862925529e-03,-2.095375955104827881e-02,1.031882539391517639e-01,-1.845059245824813843e-01,2.995946817100048065e-02,-2.048502117395401001e-01,9.633271396160125732e-02,-1.257230341434478760e-01,3.223471343517303467e-02,-1.618901938199996948e-01,5.786111950874328613e-02,-4.835495725274085999e-02,-2.030255347490310669e-01,-9.401354193687438965e-02,-9.110501408576965332e-02,-3.805390745401382446e-02,-1.444749385118484497e-01,-3.396280109882354736e-02,-1.007568836212158203e-02,-1.550450026988983154e-01,-6.150158494710922241e-02,2.111290208995342255e-02,-2.028030008077621460e-01,-1.311082988977432251e-01,2.448610067367553711e-01,-1.126434281468391418e-01,1.719964742660522461e-01,5.712867528200149536e-02,-6.431222707033157349e-02,-2.441057115793228149e-01,-3.061440885066986084e-01,-3.613424897193908691e-01,1.497958134859800339e-02,1.310084164142608643e-01,1.703410148620605469e-01,7.286272197961807251e-02,5.231111124157905579e-02,-3.944237530231475830e-02,1.042156945914030075e-03,1.043527200818061829e-02,-9.261589497327804565e-03,-1.071988195180892944e-01,8.336288481950759888e-02,-4.781540483236312866e-02,3.398169530555605888e-03,5.110881477594375610e-02,6.094072386622428894e-02,1.041393131017684937e-01,3.046130761504173279e-02,-6.569638103246688843e-02,2.485248725861310959e-03,6.973708048462867737e-03,-1.453882921487092972e-02,2.150967717170715332e-01,-2.654013969004154205e-02,1.345480531454086304e-01,3.818462789058685303e-02,-9.473358094692230225e-02,8.224491775035858154e-02,4.168377444148063660e-02,-4.841042682528495789e-02,-2.100207060575485229e-01,-3.703951463103294373e-02,-1.560870707035064697e-01,-1.303708255290985107e-01,1.359680742025375366e-01,-8.003472536802291870e-02,-1.571040153503417969e-01,1.496101636439561844e-02,-6.029525771737098694e-02,-3.311411663889884949e-02,-9.219714254140853882e-02,-3.558137640357017517e-02,-4.673885926604270935e-02,5.875891447067260742e-02,-9.902313351631164551e-02,-1.815327107906341553e-01,-2.425230890512466431e-01,2.965430356562137604e-02,5.173277854919433594e-02,2.519780583679676056e-02,2.089627236127853394e-01,-1.011302098631858826e-01,1.064139530062675476e-01,-1.167502701282501221e-01,-1.724036633968353271e-01,-2.606858126819133759e-02,-1.831662207841873169e-01,6.167536135762929916e-03,1.632714420557022095e-01,3.489235043525695801e-02,8.505702018737792969e-02,1.382205784320831299e-01,-3.195548430085182190e-02,-3.128133416175842285e-01,-8.440379053354263306e-02,-2.856877446174621582e-01,9.043472260236740112e-02,-8.441993966698646545e-03,1.975502818822860718e-01,-1.358824223279953003e-01,1.910272389650344849e-01,-1.226950809359550476e-01,-1.420380175113677979e-01,2.043333351612091064e-01,-9.201279282569885254e-02,-2.951638698577880859e-01,-6.572711467742919922e-02,5.931185185909271240e-02,-8.334032446146011353e-02,-2.959025800228118896e-01,-1.295693218708038330e-02,-3.706480562686920166e-02,1.628646068274974823e-02,1.584677100181579590e-01,-5.028473213315010071e-02,1.656228560023009777e-03,-4.735389724373817444e-02,-1.748269796371459961e-01,1.423916667699813843e-01,-1.295918226242065430e-01,-5.256680026650428772e-02,-5.363312363624572754e-02,-1.261741220951080322e-01,-8.735436201095581055e-02,-1.171269491314888000e-01,1.695078909397125244e-01,-2.748337686061859131e-01,-1.692773848772048950e-01,4.879206791520118713e-02,-1.624616235494613647e-01,-2.604072093963623047e-01,-1.433460973203182220e-02,3.307243064045906067e-02,1.357044130563735962e-01,1.100853830575942993e-01,-1.524690445512533188e-02,1.383122056722640991e-01,-3.361085429787635803e-02,-1.580253690481185913e-01,-1.953133940696716309e-01,-1.500744819641113281e-01,-8.617645502090454102e-02,-2.612859755754470825e-02,-1.392078250646591187e-01,-7.791637629270553589e-02,-1.283177137374877930e-01,7.384650409221649170e-02,-1.915770350024104118e-03,5.266547203063964844e-02,7.310231029987335205e-02,1.045941561460494995e-01,-2.243110164999961853e-02,1.579371243715286255e-01,-1.154917329549789429e-01,-2.814055979251861572e-01,-1.015128120779991150e-01,-6.923639029264450073e-02,-2.771577537059783936e-01,-1.420577764511108398e-01,3.188076615333557129e-02,4.194325581192970276e-02,1.783452481031417847e-01,3.889914602041244507e-02,-1.166044622659683228e-01,-1.771584525704383850e-02,-1.017951071262359619e-01,1.822013705968856812e-01,5.398596078157424927e-02,-3.612328693270683289e-02,7.227763533592224121e-02,-1.819432713091373444e-02,9.453620016574859619e-02
6.272145360708236694e-02,2.518284618854522705e-01,1.334870159626007080e-01,2.930051088333129883e-01,-8.692316710948944092e-02,-3.297973573207855225e-01,-4.125068485736846924e-01,3.864501416683197021e-02,-2.982842326164245605e-01,3.327993154525756836e-01,1.337373256683349609e-01,-3.378527164459228516e-01,-3.336264789104461670e-01,-2.414101921021938324e-02,2.274737320840358734e-02,-2.921375930309295654e-01,8.056277036666870117e-02,1.183974593877792358e-01,4.631488397717475891e-02,1.932065635919570923e-01,-7.915865629911422729e-02,-3.677189648151397705e-01,-2.598895430564880371e-01,-8.029340952634811401e-02,-2.930641174316406250e-01,2.485963404178619385e-01,1.139378026127815247e-01,-1.303303390741348267e-01,1.337723135948181152e-01,1.350955069065093994e-01,2.231019362807273865e-02,-1.864464133977890015e-01,2.011881172657012939e-01,8.368934690952301025e-02,1.214759945869445801e-01,1.486433744430541992e-01,-5.321836471557617188e-02,-2.283071726560592651e-01,1.997327990829944611e-02,-2.218824476003646851e-01,-1.703186780214309692e-01,9.344664216041564941e-02,-4.590244591236114502e-02,-1.067929416894912720e-01,7.503066211938858032e-02,8.830581605434417725e-02,-1.514955461025238037e-01,-8.188624680042266846e-02,1.471220254898071289e-01,-5.884352326393127441e-02,-1.466058492660522461e-01,5.339080467820167542e-02,-2.269778549671173096e-01,1.196461077779531479e-02,-2.048981003463268280e-02,-4.830393567681312561e-02,6.007440388202667236e-03,2.270313352346420288e-02,1.122132539749145508e-01,-1.023380532860755920e-01,3.542751073837280273e-02,2.601776719093322754e-01,3.033662773668766022e-02,1.205965876579284668e-02,4.341252893209457397e-02,6.870856881141662598e-02,7.458882406353950500e-03,4.141847491264343262e-01,2.616082131862640381e-02,4.396218061447143555e-02,-3.084534406661987305e-01,-1.919604241847991943e-01,-3.590126335620880127e-02,1.715281009674072266e-01,1.918379515409469604e-01,1.852635890245437622e-01,-3.415060415863990784e-02,1.933518201112747192e-01,2.118485048413276672e-02,1.786589473485946655e-01,-5.725371465086936951e-02,-7.673884183168411255e-02,-1.722351908683776855e-01,2.654300928115844727e-01,-2.321822755038738251e-02,-3.248745203018188477e-01,-1.847880482673645020e-01,-2.448228448629379272e-01,-1.881321892142295837e-02,8.738067001104354858e-02,-3.383534401655197144e-02,4.565868154168128967e-02,-8.259296417236328125e-02,1.360941212624311447e-02,-7.275827229022979736e-02,5.461344495415687561e-02,-1.304904222488403320e-01,1.125474423170089722e-01,8.483670651912689209e-02,-3.041770309209823608e-02,1.209847908467054367e-02,-1.556063890457153320e-01,-1.219090819358825684e-02,-1.633223444223403931e-01,1.241740956902503967e-01,-7.570040971040725708e-02,5.898033455014228821e-02,1.672307401895523071e-01,-1.073704287409782410e-01,-1.720151305198669434e-01,8.733446151018142700e-02,3.621962666511535645e-02,2.005446851253509521e-01,-2.358685433864593506e-02,-7.348904013633728027e-02,1.053536869585514069e-02,-1.504521071910858154e-01,2.043065577745437622e-01,-8.662776648998260498e-02,-5.793575569987297058e-02,2.476090565323829651e-02,1.311940848827362061e-01,1.105898320674896240e-01,1.287820488214492798e-01,-3.114623390138149261e-02,-7.736809551715850830e-02,-1.305290758609771729e-01,1.413269788026809692e-01,9.025686234235763550e-02,2.228185907006263733e-02,1.227634474635124207e-01,1.815774589776992798e-01,2.509911656379699707e-01,1.665941625833511353e-01,1.014089733362197876e-01,-5.991151556372642517e-02,7.747688144445419312e-02,1.730566620826721191e-01,1.079269349575042725e-01,7.674585562199354172e-03,-1.501102298498153687e-01,-7.053867727518081665e-02,3.589162975549697876e-02,1.392947882413864136e-01,-6.043796986341476440e-02,-4.221582040190696716e-02,-1.042778044939041138e-01,6.678307801485061646e-02,2.090530693531036377e-01,-1.481035444885492325e-02,-6.860199384391307831e-03,4.171231389045715332e-02,1.463458836078643799e-01,-6.843207776546478271e-02,9.215425699949264526e-02,1.296754628419876099e-01,1.625429256819188595e-03,-2.255001291632652283e-02,-2.673524916172027588e-01,-1.058906540274620056e-01,-4.961577430367469788e-02,-9.507645852863788605e-03,-1.471513183787465096e-03,-3.212567791342735291e-02,1.485659331083297729e-01,4.484743252396583557e-02,4.438963532447814941e-02,4.776493832468986511e-02,-1.368305832147598267e-01,4.600225016474723816e-02,1.177627034485340118e-02,4.826053511351346970e-03,5.020123720169067383e-02,1.209880337119102478e-01,1.679283194243907928e-02,-1.925226897001266479e-01,1.501737385988235474e-01,-2.182344347238540649e-02,1.875847391784191132e-02,-8.879626542329788208e-02,5.013936385512351990e-02,-8.121043443679809570e-02,-1.277614682912826538e-01,1.872286200523376465e-02,1.825308054685592651e-02,-1.023702546954154968e-01,-7.581543177366256714e-02,7.996398210525512695e-02,-1.619215309619903564e-01,4.595101624727249146e-02,6.857126951217651367e-02,4.948208108544349670e-02,2.474271319806575775e-02,-2.274385392665863037e-01,-1.112541183829307556e-01,-3.873050911352038383e-03,1.109024323523044586e-02,2.486225664615631104e-01,8.222669363021850586e-02,-6.419376470148563385e-03,1.373393386602401733e-01,7.149784825742244720e-03,1.735551059246063232e-01,-6.970430165529251099e-02,4.996933043003082275e-02,2.766078710556030273e-02,9.498422592878341675e-02,4.282252490520477295e-02,5.998669564723968506e-02,-5.636188387870788574e-02,-1.012603044509887695e-01,-3.761783242225646973e-02,5.931985750794410706e-02,-1.311841011047363281e-01,9.104460477828979492e-02,7.872752100229263306e-02,8.480797708034515381e-02,-2.127338647842407227e-01,1.065905857831239700e-02,-1.727954018861055374e-03,-2.548073977231979370e-02,4.247595369815826416e-02,1.083539575338363647e-01,-7.712722569704055786e-02,8.715990930795669556e-02,2.282221615314483643e-01,-4.516776651144027710e-02,-1.468560248613357544e-01,1.639500632882118225e-02,3.129811212420463562e-02,2.826962433755397797e-02,-2.641634047031402588e-01,4.488470964133739471e-03,-7.873756811022758484e-03,-8.077157288789749146e-02,4.415939748287200928e-02,-1.915751993656158447e-01,-1.146752163767814636e-01,1.046168655157089233e-01,1.541796326637268066e-01,7.135435193777084351e-02,-2.111268229782581329e-02,1.701290905475616455e-01,-2.028394490480422974e-01,-1.187397539615631104e-01,3.593084588646888733e-02,-8.161903172731399536e-02,-2.583332657814025879e-01,-6.368996202945709229e-02,-4.796992242336273193e-02,-1.784583926200866699e-02,7.031807303428649902e-02,4.698212072253227234e-02,-9.064238518476486206e-02,8.169737458229064941e-02,2.479142509400844574e-03
6.787511706352233887e-02,-1.162373647093772888e-01,4.351857677102088928e-02,-1.304273009300231934e-01,-7.928126305341720581e-02,-2.789204567670822144e-02,-8.101437240839004517e-02,3.634490445256233215e-02,4.811450093984603882e-02,-1.162039339542388916e-01,5.323409661650657654e-02,-1.376405954360961914e-01,9.952096641063690186e-02,-4.468189924955368042e-02,-5.302039533853530884e-02,-1.304416507482528687e-01,-6.488131731748580933e-02,-1.536642760038375854e-01,-1.086127907037734985e-01,-1.512399408966302872e-02,1.272202655673027039e-02,-1.150767803192138672e-01,5.677994340658187866e-02,-6.856029480695724487e-02,3.175351396203041077e-02,8.351338654756546021e-02,7.034113258123397827e-02,3.889362141489982605e-02,1.044836491346359253e-01,-4.344438761472702026e-02,-5.953825265169143677e-02,-7.402481138706207275e-02,4.912850260734558105e-02,5.101746693253517151e-02,-1.325755715370178223e-01,6.611044704914093018e-02,-8.849769085645675659e-02,4.587106406688690186e-02,-5.027145519852638245e-02,-1.168757006525993347e-01,7.904633879661560059e-02,-1.295321881771087646e-01,-1.367382556200027466e-01,-1.517133563756942749e-01,2.828165516257286072e-02,-1.228708997368812561e-01,-7.473601400852203369e-02,-2.580381184816360474e-02,-3.585474938154220581e-02,-9.119023382663726807e-02,1.825696043670177460e-02,3.982888162136077881e-02,-5.907729268074035645e-02,-1.188609600067138672e-01,-1.438558381050825119e-02,-1.246535331010818481e-01,2.406712248921394348e-02,1.653591915965080261e-02,-1.023456528782844543e-01,3.508311510086059570e-02,-4.601653292775154114e-02,6.694383174180984497e-02,-4.857419058680534363e-02,2.159622311592102051e-02,-6.306735426187515259e-02,4.044325277209281921e-02,-9.777370095252990723e-02,-3.806594386696815491e-02,-9.536447376012802124e-02,5.579412356019020081e-02,-1.581853032112121582e-01,6.484723836183547974e-02,-3.001256845891475677e-02,-3.305814415216445923e-02,-8.801469951868057251e-02,-5.745303258299827576e-02,-7.956166565418243408e-02,3.485214710235595703e-02,-8.106093108654022217e-02,-1.127688437700271606e-01,-1.499493271112442017e-01,2.293750271201133728e-02,1.723171956837177277e-02,-8.585701882839202881e-02,-1.763803362846374512e-01,-9.220450371503829956e-02,-1.418677996844053268e-02,-9.455478936433792114e-02,-8.601377904415130615e-02,8.246672153472900391e-02,1.374845020473003387e-02,3.383632749319076538e-02,-8.204975724220275879e-02,-1.199204847216606140e-01,2.609885297715663910e-02,-7.510090619325637817e-02,-5.760958883911371231e-03,-1.050879210233688354e-01,-1.372918784618377686e-01,-1.611733883619308472e-01,-1.399613264948129654e-02,-1.418991535902023315e-01,3.840329125523567200e-02,-1.255276501178741455e-01,1.047524958848953247e-01,-1.311601400375366211e-01,-1.261550784111022949e-01,5.008327588438987732e-02,5.024397000670433044e-02,-9.122715145349502563e-02,-1.031271368265151978e-01,5.088710412383079529e-02,7.925512641668319702e-02,-2.328630164265632629e-02,-9.824858605861663818e-02,-6.729122996330261230e-02,-1.532161384820938110e-01,1.074507161974906921e-01,-1.214920431375503540e-01,-9.296727925539016724e-02,2.110924012959003448e-02,4.319791868329048157e-02,5.639306455850601196e-02,-5.088626965880393982e-02,-1.657344698905944824e-01,-6.373097747564315796e-02,-3.751151962205767632e-03,2.269497141242027283e-02,-4.864031821489334106e-02,-1.520749032497406006e-01,6.456907838582992554e-02,-5.759435892105102539e-02,2.947369962930679321e-02,-1.070843860507011414e-01,-5.261377245187759399e-02,-1.240882426500320435e-01,-5.870165675878524780e-02,-1.161790713667869568e-01,4.335611686110496521e-02,-1.354920566082000732e-01,3.027101233601570129e-02,1.143564283847808838e-01,-4.090116173028945923e-02,-3.383041545748710632e-02,5.373824015259742737e-02,6.951267272233963013e-02,-1.580362953245639801e-02,1.100914273411035538e-02,3.328365832567214966e-02,-8.369392156600952148e-02,-8.080989867448806763e-02,2.411185391247272491e-02,-1.018363982439041138e-01,1.095321923494338989e-01,-9.219676256179809570e-02,2.250762097537517548e-02,-9.181228280067443848e-02,4.319088906049728394e-02,-1.291581094264984131e-01,5.481854453682899475e-02,7.760225236415863037e-02,8.303738385438919067e-02,9.719616174697875977e-02,-1.096409410238265991e-01,-1.076623871922492981e-01,-1.433212459087371826e-01,-5.452912300825119019e-02,-9.489069133996963501e-02,-1.589053571224212646e-01,5.134676769375801086e-02,-1.210589893162250519e-02,-4.361990373581647873e-03,9.109617024660110474e-02,1.741972193121910095e-02,-1.091743120923638344e-03,-7.492190599441528320e-02,7.747612148523330688e-02,8.229079097509384155e-02,2.014708006754517555e-03,-9.621515125036239624e-02,2.242585271596908569e-02,-1.176093593239784241e-01,3.045798838138580322e-02,-1.393686980009078979e-01,-1.111492365598678589e-01,2.342587336897850037e-02,7.146202772855758667e-02,6.231109052896499634e-02,-8.238109946250915527e-02,5.792356282472610474e-02,1.090860832482576370e-02,2.272208780050277710e-02,-1.274506598711013794e-01,-8.945832401514053345e-02,-1.125076226890087128e-02,-9.956063330173492432e-02,-2.217024192214012146e-02,-1.489004045724868774e-01,5.115296319127082825e-02,1.767556741833686829e-02,-1.041071489453315735e-01,-9.414329379796981812e-02,8.367916196584701538e-02,-5.464945361018180847e-02,-1.219587847590446472e-01,-3.052729181945323944e-02,-5.153429508209228516e-02,-1.991089247167110443e-02,-1.600000858306884766e-01,-8.842822909355163574e-02,-1.350870430469512939e-01,7.902471721172332764e-02,4.012234136462211609e-02,-4.787154495716094971e-02,-1.188750192523002625e-01,-1.504646539688110352e-01,-1.428969297558069229e-02,3.439531475305557251e-02,-4.609696939587593079e-02,7.156842947006225586e-02,-2.299966290593147278e-02,-3.946429863572120667e-02,-3.355243057012557983e-02,-2.789921127259731293e-02,2.310449630022048950e-02,1.080363541841506958e-01,1.597981201484799385e-03,-6.242935545742511749e-03,5.309995263814926147e-02,5.013785324990749359e-03,-5.934873223304748535e-02,3.605553135275840759e-02,-1.553287953138351440e-01,-1.220839619636535645e-01,-8.437396958470344543e-03,-3.264038264751434326e-02,-8.518056571483612061e-02,-4.765065386891365051e-02,4.639964923262596130e-02,-8.183945715427398682e-02,-1.432305723428726196e-01,1.071652583777904510e-02,-6.494801491498947144e-02,1.893379539251327515e-02,4.629813879728317261e-02,-1.299990899860858917e-02,6.355480849742889404e-02,3.584410995244979858e-02,2.391613088548183441e-02,-2.890263684093952179e-02,-3.333674371242523193e-02,-4.935044050216674805e-02,1.003475934267044067e-01,1.135026104748249054e-02,-4.813464730978012085e-02,-1.120116859674453735e-01
-5.780263990163803101e-02,-2.763069272041320801e-01,1.312969774007797241e-01,-1.944260746240615845e-01,-4.328523296862840652e-03,-6.003595143556594849e-02,3.872834844514727592e-03,-5.992823839187622070e-02,1.619942039251327515e-01,7.585251331329345703e-02,-1.069888174533843994e-01,-2.044605463743209839e-01,2.803826630115509033e-01,-3.852091729640960693e-01,-1.501521766185760498e-01,4.427533224225044250e-02,4.128849133849143982e-02,-2.204995602369308472e-01,1.498194783926010132e-01,-1.037378087639808655e-01,-3.561658784747123718e-02,9.996957145631313324e-03,-4.263921827077865601e-02,-2.580086290836334229e-01,-8.512909710407257080e-02,7.696232944726943970e-02,9.187567234039306641e-02,-2.309475690126419067e-01,2.587324194610118866e-02,9.436226449906826019e-03,-1.671023666858673096e-01,-1.567600518465042114e-01,1.351173967123031616e-01,-1.624284870922565460e-02,1.250130236148834229e-01,1.351613551378250122e-01,-9.829667210578918457e-02,-9.403146803379058838e-02,7.169140502810478210e-03,3.196562174707651138e-03,1.347822993993759155e-01,6.407365947961807251e-02,2.472006902098655701e-02,-2.838025987148284912e-01,5.176749452948570251e-02,2.134933508932590485e-02,-2.401825040578842163e-01,-3.127881586551666260e-01,1.593443900346755981e-01,4.683514311909675598e-02,-6.376218050718307495e-02,5.221078917384147644e-02,-2.765361666679382324e-01,-8.844698220491409302e-02,1.018633320927619934e-01,-1.176258828490972519e-02,-9.005444496870040894e-02,9.127391129732131958e-02,2.455943077802658081e-02,-2.506408393383026123e-01,3.849235549569129944e-02,6.050198152661323547e-02,-2.212532311677932739e-01,-2.616098523139953613e-01,-1.555295754224061966e-02,-2.595618963241577148e-01,2.950066700577735901e-02,1.469558328390121460e-01,-7.433754205703735352e-02,-2.325659245252609253e-02,-1.447662115097045898e-01,-3.028165921568870544e-02,9.532313048839569092e-02,3.348295390605926514e-02,1.819767951965332031e-01,-2.835921198129653931e-02,-2.811315655708312988e-01,-1.125053912401199341e-01,-1.741292327642440796e-01,-1.131886020302772522e-01,1.229446306824684143e-01,-5.014564841985702515e-02,-2.125118076801300049e-01,2.510372698307037354e-01,-1.302285641431808472e-01,-1.365543454885482788e-01,9.397274255752563477e-02,3.414399921894073486e-03,9.476469457149505615e-02,-1.855202764272689819e-02,-4.282096028327941895e-02,-6.417265534400939941e-02,-6.054254993796348572e-02,3.923872113227844238e-02,2.686710096895694733e-02,-1.647842116653919220e-02,-2.827742509543895721e-02,-1.681799441576004028e-01,-6.084688007831573486e-02,3.288288414478302002e-02,-2.748105525970458984e-01,-1.521437466144561768e-01,-1.636635810136795044e-01,5.523767322301864624e-02,7.891725748777389526e-02,7.662484794855117798e-02,1.803941850084811449e-04,6.512521207332611084e-02,-1.344558149576187134e-01,6.420848518610000610e-02,1.200098544359207153e-01,5.102755129337310791e-02,-5.895559117197990417e-02,1.282606273889541626e-01,-1.868457198143005371e-01,1.355319470167160034e-01,-1.427475661039352417e-01,-1.062697842717170715e-01,-4.321280717849731445e-01,-1.653300672769546509e-01,-5.009892210364341736e-02,8.666501194238662720e-02,-6.478857249021530151e-02,6.293649971485137939e-02,-9.333555400371551514e-02,7.203448563814163208e-02,-1.050735041499137878e-01,2.391332387924194336e-01,1.016037017107009888e-01,3.803423047065734863e-02,1.866419017314910889e-01,1.705579757690429688e-01,1.839513657614588737e-03,-1.817857325077056885e-01,-7.921595126390457153e-02,4.132885485887527466e-02,1.352676283568143845e-02,-1.138847693800926208e-01,-8.802793174982070923e-02,3.152877092361450195e-02,-2.526307851076126099e-02,2.430624365806579590e-01,2.362187951803207397e-01,1.118194162845611572e-01,-3.415567800402641296e-02,-5.880362167954444885e-02,4.752457141876220703e-03,-7.030420005321502686e-02,-6.686941534280776978e-02,5.795088037848472595e-02,1.135032325983047485e-01,5.942908301949501038e-02,-1.683225296437740326e-02,5.525289103388786316e-02,-1.807780712842941284e-01,-1.081588957458734512e-02,-3.899622261524200439e-01,-1.063929423689842224e-01,7.109991461038589478e-02,1.597481667995452881e-01,1.104249432682991028e-01,2.353950403630733490e-02,-9.081981331110000610e-02,-2.077086269855499268e-01,9.763035923242568970e-02,-2.898971363902091980e-02,1.058208867907524109e-01,-1.424528062343597412e-01,3.550625219941139221e-02,-1.400989200919866562e-02,1.133361086249351501e-01,7.617647200822830200e-02,-6.711355596780776978e-02,-5.349486693739891052e-02,3.292941302061080933e-02,3.065406717360019684e-02,7.922609895467758179e-02,2.573563531041145325e-02,-4.241403192281723022e-02,-3.966697454452514648e-01,6.460709869861602783e-02,2.884424626827239990e-01,-4.730464518070220947e-02,-4.104492068290710449e-02,1.188102290034294128e-01,-1.568378508090972900e-01,-1.197248324751853943e-02,8.317586779594421387e-02,-5.997299030423164368e-02,-3.024928867816925049e-01,-3.246257901191711426e-01,2.656815946102142334e-02,-8.923321962356567383e-02,4.690998196601867676e-01,-1.610075831413269043e-01,1.009513214230537415e-01,1.210537627339363098e-01,5.040258541703224182e-02,1.854036897420883179e-01,-2.139283567667007446e-01,-1.474369019269943237e-01,-1.095717027783393860e-02,-1.204896345734596252e-02,-8.027961105108261108e-02,1.721337251365184784e-02,1.228851974010467529e-01,3.112452030181884766e-01,-2.328247763216495514e-03,-4.122499749064445496e-02,5.839305371046066284e-02,3.644692245870828629e-03,-1.294378936290740967e-01,-1.452037096023559570e-01,4.243076220154762268e-02,9.561999887228012085e-02,-3.350115939974784851e-02,1.003725528717041016e-01,-1.669277101755142212e-01,5.313819739967584610e-03,-3.502483665943145752e-01,2.424711436033248901e-01,9.272235631942749023e-02,1.664823591709136963e-01,1.253765672445297241e-01,1.561401486396789551e-01,-2.004700452089309692e-01,1.151364371180534363e-01,-2.549833059310913086e-01,-9.060385823249816895e-02,1.744336038827896118e-01,-1.954673044383525848e-02,-1.299684941768646240e-01,8.438629657030105591e-02,1.078628003597259521e-02,1.550849080085754395e-01,-2.350541055202484131e-01,-2.039488404989242554e-01,-4.447365924715995789e-02,-1.191131845116615295e-01,-1.567591130733489990e-01,1.531600952148437500e-01,-1.437802910804748535e-01,-5.327496305108070374e-02,-2.216574400663375854e-01,7.993542402982711792e-02,1.588415652513504028e-01,5.171121284365653992e-02,1.273727864027023315e-01,1.112098097801208496e-01,2.992763556540012360e-02,-4.089374840259552002e-02,-7.169058918952941895e-02,4.002747312188148499e-02,-2.911175787448883057e-02,-9.173866361379623413e-02,3.168661519885063171e-02
-8.945689350366592407e-02,1.559131145477294922e-01,4.859462752938270569e-02,-7.576854526996612549e-02,6.807877868413925171e-02,-2.022083252668380737e-01,-7.318437844514846802e-02,-4.864393547177314758e-02,-1.083558723330497742e-01,-1.428092643618583679e-02,-2.987754531204700470e-02,-7.884000241756439209e-02,-9.116910398006439209e-02,-7.130188494920730591e-02,2.135965041816234589e-02,2.864850685000419617e-02,-2.325626611709594727e-01,2.108905464410781860e-01,1.076584123075008392e-02,-4.461376741528511047e-02,-1.986546218395233154e-01,-2.486557886004447937e-02,-1.542088240385055542e-01,3.658434748649597168e-02,-8.734553703106939793e-04,-1.197278592735528946e-02,-2.842571586370468140e-02,4.849819466471672058e-02,5.081491917371749878e-02,-1.765118837356567383e-01,-3.916019573807716370e-03,-1.857597008347511292e-02,-1.785898953676223755e-01,-2.298321202397346497e-02,-1.570572555065155029e-01,-2.075961381196975708e-01,-1.375994831323623657e-01,1.102541610598564148e-01,-1.444960236549377441e-01,-1.290263533592224121e-01,-2.116233855485916138e-01,7.357520610094070435e-02,6.065609678626060486e-02,-1.390490531921386719e-01,-2.915878407657146454e-02,-5.810973048210144043e-02,-1.561548858880996704e-01,-1.769348084926605225e-01,-1.581149101257324219e-01,-1.916962265968322754e-01,1.145879775285720825e-01,-1.083041578531265259e-01,-1.172839943319559097e-02,-1.244671344757080078e-01,1.086220592260360718e-01,-6.925774365663528442e-02,-9.240072965621948242e-02,-1.896089911460876465e-01,-1.176557391881942749e-01,-2.014193236827850342e-01,9.414532780647277832e-02,-7.612846046686172485e-02,-1.029928028583526611e-01,-4.105950519442558289e-02,1.886619627475738525e-02,5.055785551667213440e-02,-5.594250559806823730e-02,-1.677283458411693573e-02,3.966227546334266663e-02,1.772243343293666840e-02,-1.527331173419952393e-01,7.469815015792846680e-02,-1.881193220615386963e-01,1.128539592027664185e-01,8.192760497331619263e-02,1.202370896935462952e-01,-2.824971219524741173e-03,-4.390026628971099854e-02,-1.070410758256912231e-01,1.692043617367744446e-02,-1.116424873471260071e-01,8.244351297616958618e-02,-9.091600030660629272e-02,4.770208895206451416e-02,-5.992695689201354980e-02,-6.823602318763732910e-02,-1.345235407352447510e-01,-7.603337988257408142e-03,-6.544072180986404419e-02,-1.583278924226760864e-02,-1.181975156068801880e-01,6.693272851407527924e-03,-3.626058250665664673e-02,-8.530796319246292114e-02,-5.055638775229454041e-02,5.370723083615303040e-02,1.253842264413833618e-01,-1.054510697722434998e-01,-2.680543065071105957e-02,1.032159179449081421e-01,-1.225633844733238220e-01,-1.511150002479553223e-01,-1.118892654776573181e-01,-7.904511690139770508e-02,-1.933367550373077393e-01,1.043703705072402954e-01,-1.496772021055221558e-01,9.586137533187866211e-02,8.856163173913955688e-02,2.286652848124504089e-02,-9.819547832012176514e-02,-1.486844420433044434e-01,1.550496518611907959e-01,-2.497727274894714355e-01,-5.422734841704368591e-02,-2.001890353858470917e-02,7.466693967580795288e-02,3.178671374917030334e-02,-4.791104421019554138e-02,2.160584330558776855e-01,2.310927957296371460e-02,-5.226806178689002991e-02,-1.629965901374816895e-01,1.354845613241195679e-01,-1.441665440797805786e-01,-5.653807893395423889e-02,-1.972845047712326050e-01,-3.772322088479995728e-02,3.750056028366088867e-02,1.814232021570205688e-01,-8.005533367395401001e-02,-1.181000247597694397e-01,-6.243065372109413147e-02,9.394125640392303467e-02,-2.143599092960357666e-02,8.744515478610992432e-02,-1.426581759005784988e-02,4.541710019111633301e-02,-2.056062817573547363e-01,1.705598551779985428e-03,-6.279706954956054688e-02,8.757604658603668213e-02,7.099226862192153931e-02,-2.701495774090290070e-02,-1.491662114858627319e-01,-9.530056267976760864e-02,1.759454980492591858e-02,1.185725033283233643e-01,-3.974577412009239197e-02,1.563226580619812012e-01,2.301326952874660492e-02,-1.224561259150505066e-01,1.673869788646697998e-01,-1.252074819058179855e-02,4.254393279552459717e-02,-6.252100318670272827e-02,-1.526320278644561768e-01,-2.119497209787368774e-01,-5.275668576359748840e-02,6.648128479719161987e-02,-4.957085847854614258e-02,5.060109868645668030e-02,2.803773060441017151e-02,5.842987820506095886e-02,-1.386613547801971436e-01,-1.440782994031906128e-01,-1.084240451455116272e-01,1.138164177536964417e-01,2.027485147118568420e-02,-5.568318068981170654e-02,-8.531609922647476196e-02,1.008171066641807556e-01,-1.704596430063247681e-01,-1.567202806472778320e-01,-2.923969626426696777e-01,-1.869044848717749119e-03,3.734932839870452881e-02,3.289657412096858025e-03,1.412937939167022705e-01,-7.568301260471343994e-02,-6.071763485670089722e-02,7.644297555088996887e-03,-1.266872584819793701e-01,2.651275694370269775e-01,1.656052023172378540e-01,-1.739645898342132568e-01,8.929019421339035034e-02,-6.820893287658691406e-02,-1.339594274759292603e-01,-1.064541283994913101e-02,-9.239730425179004669e-03,5.956877022981643677e-02,-2.459158897399902344e-01,-6.743469089269638062e-02,-1.837553530931472778e-01,1.863562967628240585e-03,-8.746601641178131104e-02,-1.366739124059677124e-01,2.067399956285953522e-02,-1.766808331012725830e-01,-3.984781354665756226e-02,-5.091238766908645630e-02,3.388800425454974174e-03,-1.138949245214462280e-01,7.106133550405502319e-02,7.678055018186569214e-02,6.269681453704833984e-02,-2.601057887077331543e-01,-9.858214855194091797e-02,-1.394879072904586792e-01,-1.467838734388351440e-01,5.324384570121765137e-02,3.244195133447647095e-02,9.441991895437240601e-02,2.440415322780609131e-02,-8.229541033506393433e-02,-6.400010734796524048e-02,-3.516019508242607117e-02,-1.377694904804229736e-01,-1.650522947311401367e-01,-1.147591881453990936e-02,-1.704377830028533936e-01,-1.330268681049346924e-01,1.127122566103935242e-01,-1.319313496351242065e-01,1.186445355415344238e-02,6.069086492061614990e-02,-9.494259022176265717e-03,6.418304890394210815e-02,1.043435558676719666e-01,1.442015916109085083e-01,1.786506175994873047e-01,3.392552584409713745e-02,-1.206279769539833069e-01,-6.429006159305572510e-02,4.694481566548347473e-02,4.458554089069366455e-02,-1.033127456903457642e-01,-1.876263320446014404e-01,5.589344352483749390e-02,-6.508169323205947876e-02,5.823476985096931458e-02,-6.234469823539257050e-03,-3.131568431854248047e-02,5.335140228271484375e-02,-2.056829072535037994e-02,2.228685840964317322e-02,1.003463715314865112e-01,1.286637932062149048e-01,-1.030985340476036072e-01,1.121370270848274231e-01,1.516592800617218018e-01,-2.507886588573455811e-01,1.291990280151367188e-01,7.111996412277221680e-02,1.591208428144454956e-01
-1.797166615724563599e-01,-1.879466027021408081e-01,-3.372420966625213623e-01,-1.721683144569396973e-01,-1.244557797908782959e-01,-1.211293637752532959e-01,-2.363887615501880646e-02,6.081361323595046997e-02,9.535720571875572205e-03,-2.495394200086593628e-01,-3.309514820575714111e-01,3.327454626560211182e-02,3.920773267745971680e-01,5.249733850359916687e-02,-6.345380842685699463e-02,-8.297524601221084595e-02,-1.951197683811187744e-01,-2.381591051816940308e-01,9.118386358022689819e-02,-2.801611423492431641e-01,-1.190069392323493958e-01,-1.632475554943084717e-01,2.107113972306251526e-02,1.137905567884445190e-01,2.782353200018405914e-02,-2.734727412462234497e-02,-1.598393023014068604e-01,-1.160497590899467468e-01,1.596544533967971802e-01,-5.154020339250564575e-02,1.125338226556777954e-01,-2.606334984302520752e-01,2.740855216979980469e-01,2.015010416507720947e-01,2.025692611932754517e-01,-1.307574212551116943e-01,-5.515158176422119141e-02,-2.855012714862823486e-01,-1.281301230192184448e-01,-1.574679464101791382e-01,1.130437701940536499e-01,1.828921735286712646e-01,2.207731362432241440e-03,-1.479867193847894669e-02,-1.112537179142236710e-02,1.698950864374637604e-02,-1.403436157852411270e-02,-2.699389457702636719e-01,2.736380100250244141e-01,3.913914263248443604e-01,1.344173848628997803e-01,1.910660713911056519e-01,-1.958614587783813477e-01,-1.151255816221237183e-01,-3.796622157096862793e-01,-1.570566743612289429e-01,-7.890849560499191284e-02,-7.671181112527847290e-02,-1.714902184903621674e-02,-5.928644910454750061e-02,-5.305711552500724792e-02,8.299446851015090942e-02,2.176613211631774902e-01,1.953149214386940002e-02,-2.915829122066497803e-01,5.467225983738899231e-02,-3.327958881855010986e-01,-2.635428309440612793e-01,-8.411189168691635132e-02,-5.625607073307037354e-02,6.883407384157180786e-02,-9.633428603410720825e-02,1.551180779933929443e-01,1.266937255859375000e-01,-1.951215416193008423e-01,3.558427467942237854e-02,2.692948877811431885e-01,3.706075996160507202e-02,-1.306347995996475220e-01,9.923970699310302734e-02,1.577277434989809990e-03,-2.250460982322692871e-01,1.438352465629577637e-01,-6.371200829744338989e-02,-2.847060188651084900e-02,-8.624592795968055725e-03,1.103570964187383652e-02,-3.355695679783821106e-02,-1.472842991352081299e-01,-1.805739402770996094e-01,-8.655703812837600708e-02,-1.054459139704704285e-01,-1.067039445042610168e-01,1.866841316223144531e-01,1.057334467768669128e-01,-7.659222930669784546e-02,-2.181096673011779785e-01,-3.721343353390693665e-02,-1.238149777054786682e-01,1.955833472311496735e-02,1.732263341546058655e-02,5.503677204251289368e-02,-1.725085526704788208e-01,2.071766257286071777e-01,-1.648586243391036987e-01,-1.429752707481384277e-01,-1.025715693831443787e-01,3.861819207668304443e-02,9.117182344198226929e-02,2.210280299186706543e-01,1.056971698999404907e-01,-2.200073003768920898e-01,-3.021986484527587891e-01,8.909863419830799103e-03,-3.700366318225860596e-01,-5.947472155094146729e-02,2.331851124763488770e-01,-1.082939133048057556e-01,-3.715143725275993347e-02,2.133301347494125366e-01,8.780802041292190552e-02,-2.421893477439880371e-01,-1.712962836027145386e-01,9.969724714756011963e-02,5.284956190735101700e-03,1.981964409351348877e-01,1.179445311427116394e-01,-4.546746239066123962e-02,-9.502825140953063965e-02,-2.723951339721679688e-01,-8.421587198972702026e-02,-1.207447499036788940e-01,-1.994676887989044189e-01,8.702635020017623901e-02,-1.648264750838279724e-02,5.885292962193489075e-02,-2.431237101554870605e-01,1.751743853092193604e-01,-4.122823849320411682e-02,1.969713419675827026e-01,7.740479707717895508e-02,-1.468659937381744385e-02,-1.852286010980606079e-01,-8.673109859228134155e-02,5.494268983602523804e-02,-4.773340001702308655e-02,6.969583779573440552e-02,-8.467014133930206299e-02,-2.936189472675323486e-01,1.820435971021652222e-01,-7.657577097415924072e-02,3.474914655089378357e-02,-1.194199100136756897e-01,-8.467793464660644531e-02,-6.626295298337936401e-02,-1.291343122720718384e-01,7.344459742307662964e-02,1.492370963096618652e-01,9.398642927408218384e-03,-4.749818891286849976e-02,-6.124299019575119019e-02,-1.482756733894348145e-01,7.103104144334793091e-02,8.795116096735000610e-02,-1.381810568273067474e-02,6.303805112838745117e-02,-1.685928851366043091e-01,-2.366819828748703003e-01,1.776765584945678711e-01,2.034198790788650513e-01,-8.139332756400108337e-03,1.153081003576517105e-02,-2.420847564935684204e-01,-6.066057085990905762e-02,-2.499499730765819550e-02,-9.290261566638946533e-02,-1.673924922943115234e-01,2.988638542592525482e-02,5.760880187153816223e-02,1.114880442619323730e-01,-1.873223632574081421e-01,-2.561807259917259216e-02,-7.031105458736419678e-02,-3.227087482810020447e-02,9.116316586732864380e-02,3.034737408161163330e-01,-4.099429026246070862e-02,-2.768130786716938019e-02,7.907544076442718506e-02,-1.095031127333641052e-01,2.857771888375282288e-02,-5.720596760511398315e-02,-1.869314163923263550e-02,-2.826447784900665283e-01,-1.102513447403907776e-01,-8.521813899278640747e-02,1.727232038974761963e-01,2.109303027391433716e-01,3.789341449737548828e-02,1.107435375452041626e-01,-6.040594726800918579e-02,8.799321204423904419e-02,2.109101861715316772e-01,1.997840404510498047e-01,-1.075436472892761230e-01,4.334133863449096680e-02,-2.245879471302032471e-01,2.230163216590881348e-01,-2.031154558062553406e-02,-2.076380848884582520e-01,-1.974283009767532349e-01,1.432874500751495361e-01,2.533068656921386719e-01,-5.197785049676895142e-02,-6.772678345441818237e-02,-3.313568234443664551e-02,2.330829156562685966e-03,1.005732715129852295e-01,1.091426536440849304e-01,5.871877819299697876e-02,-2.050411403179168701e-01,3.261347115039825439e-02,8.521485328674316406e-02,1.125940158963203430e-01,-1.401385068893432617e-01,1.535040587186813354e-01,-1.681110858917236328e-01,5.222694948315620422e-02,4.742599278688430786e-02,3.616132307797670364e-04,1.044298484921455383e-01,-1.829560697078704834e-01,6.032821163535118103e-02,-5.264752730727195740e-02,-8.176907896995544434e-02,-1.699793487787246704e-01,-9.820907562971115112e-02,1.118593662977218628e-01,2.252930849790573120e-01,5.273640528321266174e-02,4.687216132879257202e-02,3.066397905349731445e-01,1.892490088939666748e-01,-3.213519603013992310e-02,9.027830511331558228e-02,-2.796788215637207031e-01,7.125491648912429810e-02,-2.099603414535522461e-01,-7.527511566877365112e-02,-1.610671728849411011e-01,-2.020349353551864624e-01,-1.131632477045059204e-01,-1.788231730461120605e-01,-1.762651652097702026e-02,1.614795029163360596e-01,9.253791719675064087e-02
8.574058860540390015e-02,5.067799985408782959e-02,4.272603616118431091e-02,-4.505355283617973328e-02,-8.397941291332244873e-02,-1.177984327077865601e-01,-1.416010968387126923e-02,-9.778297692537307739e-02,-5.303865298628807068e-03,7.876890152692794800e-02,8.622007071971893311e-02,-2.631089009810239077e-04,5.342696234583854675e-02,-8.885882794857025146e-02,-1.025482639670372009e-01,8.224961906671524048e-02,9.544915519654750824e-03,7.258276641368865967e-02,-7.370617240667343140e-02,-3.549686819314956665e-02,-1.815557666122913361e-02,-4.027866199612617493e-02,-1.243568956851959229e-01,-1.141682639718055725e-02,-7.233509793877601624e-03,-7.182480394840240479e-02,-1.146324351429939270e-01,-2.996809547767043114e-03,-7.981568574905395508e-03,6.684272736310958862e-02,1.337862201035022736e-02,-1.070236191153526306e-01,7.875189930200576782e-02,1.151063144207000732e-01,-1.314531266689300537e-01,-1.181505620479583740e-01,-5.478235334157943726e-02,6.589538604021072388e-02,9.267944842576980591e-02,3.609468694776296616e-03,3.102108649909496307e-02,-1.060459017753601074e-01,1.619282364845275879e-02,-1.026974804699420929e-02,1.946055889129638672e-02,-1.465430557727813721e-01,-7.451432198286056519e-02,4.576147533953189850e-03,5.386276543140411377e-02,-1.056670323014259338e-01,-1.402698308229446411e-01,-2.716687507927417755e-02,-1.282805949449539185e-01,-3.893742337822914124e-02,-8.588362485170364380e-02,-5.205866694450378418e-02,-2.931271120905876160e-02,-2.087887190282344818e-02,-6.747377663850784302e-02,-1.719908230006694794e-02,-1.040291115641593933e-01,-2.611027285456657410e-02,-5.000796541571617126e-02,-9.660395979881286621e-02,-1.834439672529697418e-02,5.013107508420944214e-02,3.062527254223823547e-02,-9.164283983409404755e-03,-1.570150405168533325e-01,-1.726101711392402649e-02,6.200816854834556580e-02,1.573492400348186493e-02,-3.336784197017550468e-03,-2.202268503606319427e-02,-1.134230196475982666e-01,-7.091132551431655884e-02,2.610968798398971558e-02,-5.110982432961463928e-02,-9.697195887565612793e-02,2.566499821841716766e-02,4.297824576497077942e-03,-5.394357815384864807e-02,-5.383925884962081909e-02,5.059718620032072067e-03,6.315264850854873657e-02,-1.279705315828323364e-01,3.553786128759384155e-02,-5.014869850128889084e-03,8.172321319580078125e-02,-1.302071288228034973e-02,-3.036797977983951569e-02,-1.322980821132659912e-01,-9.361193329095840454e-02,6.600629538297653198e-02,-1.260798871517181396e-01,-1.041389349848031998e-02,-2.454940695315599442e-03,4.990606009960174561e-02,-1.045773103833198547e-01,6.763973087072372437e-02,-1.132301911711692810e-01,-5.874413251876831055e-02,6.776509433984756470e-02,1.734730973839759827e-02,1.021506562829017639e-01,3.524234890937805176e-02,-6.021336838603019714e-02,-1.938322372734546661e-02,-7.948160171508789062e-02,-4.918024316430091858e-02,6.655951589345932007e-02,-1.358328480273485184e-02,5.277733784168958664e-03,-8.219891041517257690e-02,1.048405561596155167e-02,-1.138221845030784607e-01,-8.875768631696701050e-02,1.058766394853591919e-01,-6.425385177135467529e-02,-1.297225207090377808e-01,2.955543436110019684e-02,-6.807599961757659912e-02,-2.865647897124290466e-02,-1.094836890697479248e-01,-1.285129971802234650e-02,-1.889352053403854370e-01,-2.039656043052673340e-02,1.761901192367076874e-02,-1.445740275084972382e-02,-1.528018862009048462e-01,2.499384619295597076e-02,-4.627089202404022217e-02,-3.219183534383773804e-02,-9.015497565269470215e-02,8.034230023622512817e-02,-2.224167063832283020e-02,-4.742961004376411438e-02,-1.113286837935447693e-01,-1.390362679958343506e-01,-1.371764391660690308e-01,-1.696656458079814911e-02,-1.190671175718307495e-01,-5.933711677789688110e-02,1.177116297185420990e-02,-1.050401106476783752e-01,-1.149972230195999146e-01,-6.652391701936721802e-02,-1.017735600471496582e-01,-1.066100746393203735e-01,-5.725859105587005615e-02,-3.433248400688171387e-02,-9.471520781517028809e-02,-7.905910164117813110e-02,1.333407498896121979e-02,7.631056010723114014e-02,4.875615984201431274e-02,-4.339137114584445953e-03,-1.207858845591545105e-01,-4.605771228671073914e-02,-1.270055174827575684e-01,-1.353945583105087280e-01,-1.365356892347335815e-01,-1.208561658859252930e-01,-6.615731120109558105e-02,-1.235883235931396484e-01,-2.315249852836132050e-02,-7.829402387142181396e-02,-8.459292352199554443e-02,7.985245436429977417e-02,-1.772890612483024597e-02,-5.309715867042541504e-02,-1.428598761558532715e-01,-3.655830398201942444e-03,-8.236547559499740601e-02,-1.542145907878875732e-01,1.251823753118515015e-01,-1.178854517638683319e-02,-7.935130596160888672e-02,-4.165732115507125854e-02,-3.651357255876064301e-03,-8.862089365720748901e-02,-8.858480304479598999e-02,-6.221358850598335266e-02,5.473203957080841064e-02,-1.347836665809154510e-02,1.368009368889033794e-03,-2.946356497704982758e-02,-6.349576264619827271e-02,-9.422700852155685425e-02,-5.966572556644678116e-03,-1.569480895996093750e-01,2.120867557823657990e-02,-5.236645042896270752e-02,-5.576225742697715759e-02,-9.261005371809005737e-02,-6.142113357782363892e-02,-5.610010772943496704e-02,4.566869512200355530e-02,-6.859354674816131592e-02,-1.661343723535537720e-01,-3.077600849792361259e-04,-1.497781127691268921e-01,-1.077309623360633850e-01,8.668153733015060425e-02,4.857908189296722412e-02,-4.217679798603057861e-02,-8.063578605651855469e-02,-9.354544430971145630e-02,-5.170500278472900391e-02,-1.025248616933822632e-01,-3.527731820940971375e-02,8.914276957511901855e-02,9.846507012844085693e-02,-1.139551550149917603e-01,-1.480268090963363647e-01,-1.136881262063980103e-01,-1.484535038471221924e-01,-3.249594941735267639e-02,5.596499890089035034e-02,3.705029189586639404e-02,-5.115865543484687805e-02,-3.720355033874511719e-02,-1.314348876476287842e-01,-6.247422844171524048e-02,-4.678540676832199097e-02,-3.097138740122318268e-02,-1.271909177303314209e-01,-3.425735607743263245e-02,4.006365686655044556e-02,2.393702231347560883e-02,-9.012073278427124023e-02,-7.204379141330718994e-02,-5.400755628943443298e-02,7.093190401792526245e-02,-5.337734147906303406e-02,-9.726984798908233643e-02,9.184125065803527832e-02,-1.343499124050140381e-02,8.614532649517059326e-02,-1.521733850240707397e-01,-4.334751516580581665e-02,2.328672073781490326e-02,-1.140978261828422546e-01,1.045945733785629272e-01,-3.736744448542594910e-02,-1.400587409734725952e-01,7.897612452507019043e-02,6.366027146577835083e-02,-4.008361604064702988e-03,7.468736171722412109e-02,1.136345341801643372e-01,5.158251896500587463e-02,2.540369890630245209e-02,1.011052504181861877e-01,8.407001942396163940e-02,-7.873994112014770508e-02
2.804184854030609131e-01,-2.865500282496213913e-03,9.700441733002662659e-03,5.976065248250961304e-02,-1.756305545568466187e-01,-1.021148413419723511e-01,-5.626094713807106018e-02,-1.581220179796218872e-01,4.471621289849281311e-02,-2.398466020822525024e-01,1.442133635282516479e-01,8.441003412008285522e-02,-4.504743516445159912e-01,3.575118780136108398e-01,6.420104950666427612e-02,9.742500633001327515e-02,1.145688593387603760e-01,-4.610963910818099976e-02,-1.864852309226989746e-01,1.686036884784698486e-01,4.655236750841140747e-02,-7.604432757943868637e-03,3.979329392313957214e-02,2.868623137474060059e-01,3.219618499279022217e-01,-4.124976694583892822e-01,-1.981694810092449188e-02,1.047077476978302002e-01,-5.665814280509948730e-01,2.347263395786285400e-01,3.529171645641326904e-02,1.713846474885940552e-01,-1.028101742267608643e-01,2.867130562663078308e-03,-9.644704312086105347e-02,1.134841516613960266e-01,1.429690122604370117e-01,3.407737985253334045e-02,-1.202350705862045288e-01,1.989065855741500854e-01,-1.947715878486633301e-02,-4.511714354157447815e-02,-8.412099629640579224e-02,2.222041040658950806e-01,-9.057006984949111938e-02,2.072667330503463745e-01,4.963994026184082031e-02,-3.041343204677104950e-02,-3.127176463603973389e-01,-1.544086635112762451e-01,-1.416426002979278564e-01,-1.035084202885627747e-01,1.615503579378128052e-01,2.544363141059875488e-01,9.572433680295944214e-02,2.922465801239013672e-01,1.020351350307464600e-01,7.707531005144119263e-02,1.489883065223693848e-01,1.082049384713172913e-01,-4.957320913672447205e-02,-9.685489535331726074e-02,-1.104193329811096191e-01,1.283881515264511108e-01,-1.815874502062797546e-02,-2.273715734481811523e-01,1.537266522645950317e-01,-2.384936511516571045e-01,-2.600776031613349915e-02,-2.049418725073337555e-02,1.424437295645475388e-02,8.410349488258361816e-02,-7.201806455850601196e-02,-4.140171036124229431e-02,7.604998350143432617e-02,-5.150724947452545166e-02,1.231814622879028320e-01,-1.225424185395240784e-01,-1.367095857858657837e-01,9.556306898593902588e-02,-3.973632678389549255e-02,9.494193829596042633e-03,-1.581024378538131714e-02,1.821641251444816589e-02,9.071461856365203857e-02,1.223925650119781494e-01,-7.888912223279476166e-04,8.924930542707443237e-02,8.659292012453079224e-02,-6.175173074007034302e-02,-7.384705543518066406e-02,7.039530575275421143e-02,1.260775141417980194e-02,-1.802944540977478027e-01,-1.726115047931671143e-01,7.408193498849868774e-02,-4.931765422224998474e-02,4.858184978365898132e-02,-1.239183265715837479e-02,-1.005513966083526611e-02,-3.470112383365631104e-02,2.155972421169281006e-01,-1.477582752704620361e-01,1.913909427821636200e-02,4.643515497446060181e-02,2.100298404693603516e-01,-2.323994226753711700e-02,-1.400443315505981445e-01,2.114930655807256699e-03,5.597415193915367126e-02,1.450601369142532349e-01,1.540014892816543579e-01,8.587493561208248138e-03,-2.786430343985557556e-02,-2.001120746135711670e-01,-2.892639301717281342e-02,-2.178182899951934814e-01,-2.093472145497798920e-02,-9.318244457244873047e-02,-1.744718290865421295e-02,-1.110723838210105896e-01,1.096606925129890442e-01,-9.034283459186553955e-03,-1.499162018299102783e-01,8.308216929435729980e-02,2.315340377390384674e-02,2.706665396690368652e-01,6.978350877761840820e-02,5.222737789154052734e-02,-6.989244371652603149e-02,-1.225131936371326447e-02,1.034554317593574524e-01,7.710096985101699829e-02,8.890534937381744385e-02,-1.211891025304794312e-01,1.887241303920745850e-01,-2.110263556241989136e-01,2.791544795036315918e-01,1.025793999433517456e-01,8.979152888059616089e-02,-1.583431810140609741e-01,-1.857912391424179077e-01,-2.207930833101272583e-01,9.275277704000473022e-02,2.012474695220589638e-03,-1.056467145681381226e-01,9.319631010293960571e-02,1.310083419084548950e-01,4.175386857241392136e-03,1.763642765581607819e-02,2.794371545314788818e-02,-1.471295356750488281e-01,-4.870312288403511047e-02,7.315112650394439697e-02,-4.674137756228446960e-02,5.912328138947486877e-02,-1.186961904168128967e-01,6.229302659630775452e-02,4.075802862644195557e-03,3.652461571618914604e-03,-8.274841308593750000e-02,-2.228571102023124695e-02,4.522033035755157471e-02,1.287997364997863770e-01,-1.136249005794525146e-01,1.218947842717170715e-01,-1.029026508331298828e-01,-1.407591104507446289e-01,1.492952108383178711e-01,4.447938501834869385e-02,-1.202024817466735840e-01,-1.977438777685165405e-01,5.862055346369743347e-03,4.625586792826652527e-02,-1.367487758398056030e-01,3.671095892786979675e-02,-3.312846456537954509e-05,1.806690096855163574e-01,1.416434496641159058e-01,-6.672780960798263550e-02,-4.178327620029449463e-01,-1.138521917164325714e-02,-2.320610582828521729e-01,8.112648129463195801e-02,3.737051784992218018e-02,-4.512673988938331604e-02,-1.235373616218566895e-01,-3.272706866264343262e-01,1.365977227687835693e-01,9.859776496887207031e-02,-1.632909663021564484e-02,-1.596936434507369995e-01,-5.021548271179199219e-02,-1.473783552646636963e-01,-1.762822568416595459e-01,2.008561342954635620e-01,7.533231377601623535e-02,-8.881379663944244385e-02,5.128075554966926575e-02,-5.996042490005493164e-02,7.147815823554992676e-02,-2.655320055782794952e-02,-1.505642198026180267e-02,-5.379159748554229736e-02,-1.170691549777984619e-01,6.404469162225723267e-02,3.357041627168655396e-03,6.479900330305099487e-02,-2.928945049643516541e-02,-1.773896068334579468e-02,1.330155879259109497e-01,1.743551716208457947e-02,3.927906509488821030e-03,1.964327692985534668e-02,-2.872559614479541779e-02,-1.298737525939941406e-01,1.648745834827423096e-01,2.038369029760360718e-01,-7.513334602117538452e-02,8.914584666490554810e-02,-1.634538918733596802e-01,1.806274615228176117e-02,-1.131987869739532471e-01,-1.096164807677268982e-01,7.856519520282745361e-02,2.585393935441970825e-02,6.837588548660278320e-02,-5.232214555144309998e-02,-1.445589959621429443e-01,-1.588502675294876099e-01,-1.219383701682090759e-01,-6.360687315464019775e-02,-1.098747849464416504e-01,6.437813490629196167e-02,-6.085408478975296021e-02,1.270705461502075195e-01,1.626481264829635620e-01,-3.216256201267242432e-02,-9.960813075304031372e-02,-5.372264236211776733e-02,-5.766794830560684204e-02,2.020263345912098885e-03,8.642370253801345825e-02,1.459168493747711182e-01,-1.376371830701828003e-01,1.457029134035110474e-01,-5.974889174103736877e-02,-1.106392741203308105e-01,-9.598661214113235474e-02,1.152322813868522644e-01,6.373640149831771851e-02,-1.183837652206420898e-02,1.070803850889205933e-01,-1.286309361457824707e-01,1.565037667751312256e-01,-6.800281256437301636e-02
-1.728089004755020142e-01,8.449609577655792236e-02,1.178283467888832092e-01,-8.092404901981353760e-02,7.299062609672546387e-02,3.068970330059528351e-02,1.740220338106155396e-01,3.012944199144840240e-02,1.227714307606220245e-02,4.481822624802589417e-02,-1.084844544529914856e-01,-1.594604700803756714e-01,4.531591534614562988e-01,-1.025208160281181335e-01,-7.472194731235504150e-03,7.271658629179000854e-02,-1.396564990282058716e-01,1.507973521947860718e-01,-1.311672013252973557e-02,3.328283131122589111e-02,-1.794113032519817352e-02,2.529846727848052979e-01,9.919357299804687500e-02,1.851699687540531158e-02,2.731281705200672150e-02,3.883976936340332031e-01,-9.738942980766296387e-02,-5.645352229475975037e-02,5.029087662696838379e-01,-2.091057449579238892e-01,-2.292956039309501648e-02,-7.889132201671600342e-02,1.006766557693481445e-01,1.139287650585174561e-01,1.041001901030540466e-01,-1.637273700907826424e-03,-1.463489979505538940e-01,5.167030915617942810e-02,3.440624475479125977e-02,-1.142249032855033875e-01,-3.222645074129104614e-02,2.369193881750106812e-01,7.394801080226898193e-02,2.031568996608257294e-02,8.584306389093399048e-02,-1.383651494979858398e-01,-1.760657690465450287e-02,-1.360762566328048706e-01,1.426621526479721069e-01,1.868699640035629272e-01,2.377831488847732544e-01,3.687816858291625977e-02,-2.553977072238922119e-01,-1.027565151453018188e-01,-1.166278570890426636e-01,-3.596126437187194824e-01,1.783456206321716309e-01,3.609080240130424500e-02,1.004727184772491455e-01,-1.054075360298156738e-01,2.948932647705078125e-01,-9.003573656082153320e-02,6.077008694410324097e-02,-1.290218085050582886e-01,-1.248073484748601913e-02,-2.352659218013286591e-02,-1.628170460462570190e-01,-8.906146138906478882e-02,-3.192427754402160645e-02,-3.059341013431549072e-01,-4.112328588962554932e-02,2.487020008265972137e-02,-5.707653611898422241e-02,2.636183984577655792e-02,-1.148123666644096375e-01,1.525515764951705933e-01,-7.355606555938720703e-02,9.601372480392456055e-02,1.673546582460403442e-01,1.406010269420221448e-04,1.999506801366806030e-01,1.974824070930480957e-01,-1.248238682746887207e-01,1.005657985806465149e-01,-5.399072915315628052e-02,-1.522530168294906616e-01,-7.530969381332397461e-02,1.647251099348068237e-01,-7.446981966495513916e-02,-1.365520711988210678e-02,-7.928048819303512573e-02,1.478655040264129639e-01,-1.470265388488769531e-01,3.128480399027466774e-03,-1.747617498040199280e-02,-1.149256434291601181e-02,2.164956778287887573e-01,1.502915322780609131e-01,-4.189525172114372253e-02,7.533066719770431519e-02,-2.545019960962235928e-04,-2.211463451385498047e-01,-1.177123636007308960e-01,-8.983734995126724243e-02,-7.657679170370101929e-02,-8.749914914369583130e-02,-4.389257356524467468e-02,1.397168338298797607e-01,5.871219187974929810e-02,-6.070334836840629578e-02,-8.741517364978790283e-02,-9.854489564895629883e-02,1.401494294404983521e-01,2.110745906829833984e-01,1.409022510051727295e-01,4.893210530281066895e-02,6.612129509449005127e-02,-1.384568959474563599e-01,-2.419394701719284058e-01,-1.421284824609756470e-01,-5.756586417555809021e-02,-5.008552595973014832e-02,-3.256890922784805298e-02,1.919490694999694824e-01,1.931658200919628143e-02,2.346185967326164246e-02,-2.484203130006790161e-01,1.720775477588176727e-02,-5.709776654839515686e-02,-1.567751169204711914e-02,4.758312553167343140e-02,1.518671214580535889e-01,-6.920824199914932251e-02,-2.231569141149520874e-01,3.568243607878684998e-02,-1.642891578376293182e-02,2.459527403116226196e-01,-1.974495500326156616e-01,1.258443742990493774e-01,-6.217586621642112732e-02,-2.749591469764709473e-01,3.487874567508697510e-01,1.254183948040008545e-01,-9.370437823235988617e-03,-1.440835297107696533e-01,4.686343017965555191e-03,2.826174721121788025e-03,1.026023030281066895e-01,1.132760196924209595e-01,6.498699635267257690e-02,9.159631282091140747e-02,3.004097342491149902e-01,1.830515116453170776e-01,7.184103596955537796e-03,3.546138032106682658e-05,8.982448838651180267e-03,-1.450598090887069702e-01,1.225879639387130737e-01,8.766385167837142944e-02,1.591860800981521606e-01,1.390075087547302246e-01,-8.426663279533386230e-02,1.645435541868209839e-01,-3.069028817117214203e-02,9.368577599525451660e-02,7.084074616432189941e-02,-4.355422407388687134e-02,5.976993963122367859e-02,-3.014957765117287636e-03,7.018543779850006104e-02,-6.628588307648897171e-03,-2.335743629373610020e-04,-9.184531122446060181e-02,6.909869611263275146e-02,-2.556740492582321167e-02,-9.049429744482040405e-02,1.111054420471191406e-01,3.740051761269569397e-02,-1.476311869919300079e-02,1.088342629373073578e-02,2.356645315885543823e-01,6.107220426201820374e-02,-1.407376378774642944e-01,-1.127002164721488953e-01,5.505056679248809814e-02,4.432481899857521057e-02,-1.544123440980911255e-01,5.849931016564369202e-02,-6.135705485939979553e-02,-2.147120423614978790e-02,1.256597638130187988e-01,4.218978062272071838e-02,2.871442735195159912e-01,4.315440356731414795e-02,2.081930488348007202e-01,1.992476172745227814e-02,1.474686712026596069e-01,1.666246056556701660e-01,-3.350397571921348572e-02,-1.883899271488189697e-01,5.664630234241485596e-02,-1.023362800478935242e-01,-1.764402985572814941e-01,4.915521014481782913e-03,-3.921318054199218750e-02,-6.328346580266952515e-02,3.196045011281967163e-02,4.013076424598693848e-02,1.590264402329921722e-02,-7.621871680021286011e-02,-1.000610888004302979e-01,-5.095990747213363647e-02,-1.489558964967727661e-01,-1.094734296202659607e-02,1.145592555403709412e-01,-8.070067316293716431e-02,1.389112472534179688e-01,-4.430744424462318420e-02,-4.355456307530403137e-02,-6.441054493188858032e-02,-5.815250799059867859e-03,1.252758353948593140e-01,6.459039449691772461e-02,1.128720939159393311e-01,8.946646749973297119e-02,-3.379904106259346008e-02,-6.398639082908630371e-02,-2.045994251966476440e-01,1.380953937768936157e-01,1.936947181820869446e-02,4.279516637325286865e-02,-1.937801390886306763e-02,1.650161892175674438e-01,-6.401968747377395630e-02,6.595511734485626221e-02,-1.537115275859832764e-01,-2.193641066551208496e-01,8.366689085960388184e-02,1.724067181348800659e-01,7.226698845624923706e-02,1.804039254784584045e-02,3.003900311887264252e-02,-1.252762973308563232e-01,-2.331532090902328491e-01,2.511073946952819824e-01,2.213178016245365143e-02,8.047706633806228638e-02,1.354183703660964966e-01,-1.159481257200241089e-01,-1.699773073196411133e-01,-1.340072751045227051e-01,-7.650923728942871094e-02,-9.432542324066162109e-02,6.998381763696670532e-02,-3.461572527885437012e-02,9.140670299530029297e-02
1.027932018041610718e-01,3.852859884500503540e-02,5.201730504631996155e-02,-9.222691878676414490e-03,1.892871111631393433e-01,2.326922863721847534e-01,-1.166299432516098022e-01,2.732301875948905945e-02,1.830199807882308960e-01,4.174876585602760315e-02,1.409775465726852417e-01,-8.736983686685562134e-02,-2.431282540783286095e-03,-1.595631539821624756e-01,-2.733407355844974518e-02,1.954652369022369385e-02,-1.549661159515380859e-01,-3.022373616695404053e-01,-1.824616342782974243e-01,1.630979776382446289e-01,-6.330642104148864746e-02,2.961671212688088417e-03,-1.930094510316848755e-02,9.560295939445495605e-02,-3.491407632827758789e-02,-7.754537463188171387e-02,7.474289089441299438e-02,5.841336771845817566e-02,-2.280756086111068726e-01,5.948412045836448669e-02,2.794125862419605255e-02,1.160961836576461792e-01,-1.712190359830856323e-01,4.335964843630790710e-02,-7.042817026376724243e-02,-9.042391926050186157e-02,2.368036955595016479e-01,9.170032292604446411e-02,6.837068498134613037e-02,2.467880994081497192e-01,1.331612118519842625e-03,-1.290133595466613770e-01,-1.192606911063194275e-01,1.308504641056060791e-01,-9.405137598514556885e-02,5.653591826558113098e-02,-5.553059652447700500e-02,1.211505085229873657e-01,1.013969182968139648e-01,-2.644010782241821289e-01,3.248830512166023254e-02,-4.964544251561164856e-02,1.967091560363769531e-01,-1.681943088769912720e-01,1.118634417653083801e-01,2.331997156143188477e-01,2.437089197337627411e-02,-2.862930763512849808e-03,-1.401455998420715332e-01,2.048274129629135132e-01,5.864986032247543335e-02,5.199432373046875000e-02,-2.702049165964126587e-02,-3.878748789429664612e-02,6.179955974221229553e-02,1.560710221529006958e-01,1.648014932870864868e-01,-2.187857180833816528e-01,6.640497595071792603e-02,1.284009218215942383e-01,4.205039143562316895e-02,6.027097254991531372e-02,-4.793820157647132874e-02,-1.011473238468170166e-01,9.729335457086563110e-02,-1.385578215122222900e-01,-2.223381847143173218e-01,-2.464748919010162354e-03,1.469555646181106567e-01,-3.123470582067966461e-03,7.320357114076614380e-02,2.741759121417999268e-01,-3.692873194813728333e-02,-1.140887103974819183e-02,-1.669113337993621826e-02,-2.757014334201812744e-02,-2.431299537420272827e-01,-7.913605123758316040e-02,1.260330379009246826e-01,1.214244365692138672e-01,-2.372382581233978271e-01,6.354682147502899170e-02,1.600510925054550171e-01,-1.829019188880920410e-02,2.785883657634258270e-02,-1.340504586696624756e-01,-1.326758116483688354e-01,3.856631368398666382e-02,8.767426759004592896e-02,6.872782856225967407e-02,-6.123980879783630371e-02,-1.337503492832183838e-01,8.133897930383682251e-02,-4.800850898027420044e-02,-4.513324704021215439e-03,-5.295653641223907471e-02,-1.256806999444961548e-01,2.011558413505554199e-02,-1.769470050930976868e-02,2.774606086313724518e-02,-7.576420903205871582e-02,-6.107930466532707214e-02,6.954523921012878418e-02,9.902452677488327026e-02,-2.123645693063735962e-02,-6.032263860106468201e-03,1.584971249103546143e-01,-6.867829710245132446e-02,7.034198939800262451e-02,1.985461264848709106e-01,-2.385757863521575928e-02,-6.884284317493438721e-02,-1.096071004867553711e-01,5.269819125533103943e-02,1.387361586093902588e-01,-1.852727085351943970e-01,-1.009861826896667480e-01,-6.791881751269102097e-03,-1.106169819831848145e-01,2.179967612028121948e-01,2.048043347895145416e-02,-2.054293155670166016e-01,-4.262065887451171875e-02,-1.792716830968856812e-01,1.644367873668670654e-01,-3.279081583023071289e-01,-2.653182148933410645e-01,-1.174925491213798523e-01,-1.238390877842903137e-01,1.652890592813491821e-01,-2.687621116638183594e-01,1.408558636903762817e-01,1.969693005084991455e-01,-1.700745671987533569e-01,1.677535474300384521e-02,1.816235184669494629e-01,-5.479543283581733704e-02,-4.919793084263801575e-02,-1.594970673322677612e-01,-1.532578188925981522e-02,-4.041441157460212708e-02,-2.248261123895645142e-01,-2.900264412164688110e-02,6.924697011709213257e-02,-4.379876703023910522e-02,-9.297074377536773682e-02,9.925097227096557617e-02,1.831432729959487915e-01,2.561551034450531006e-01,-2.724152430891990662e-02,-5.873491056263446808e-03,2.788795158267021179e-02,4.109927266836166382e-02,1.393584460020065308e-01,-2.294311821460723877e-01,-6.477126851677894592e-03,-5.233141034841537476e-02,-2.230592258274555206e-02,1.122685242444276810e-02,-1.336931157857179642e-02,1.328498125076293945e-01,2.695994079113006592e-02,-1.610410362482070923e-01,6.574098765850067139e-02,-2.566754631698131561e-02,6.824475526809692383e-02,5.218946188688278198e-02,-4.867392033338546753e-02,1.750105246901512146e-02,-3.258900949731469154e-03,-1.279042363166809082e-01,-1.134845241904258728e-01,1.554435342550277710e-01,-6.546080578118562698e-03,-1.480558067560195923e-01,2.330709099769592285e-01,1.474994719028472900e-01,-2.451865188777446747e-02,-1.973422318696975708e-01,-1.737807132303714752e-02,1.217144951224327087e-01,9.063269942998886108e-03,-4.050604254007339478e-02,2.881142497062683105e-01,2.855511903762817383e-01,1.268953084945678711e-01,-2.267780303955078125e-01,-1.173591092228889465e-01,-2.489415369927883148e-02,2.642579842358827591e-03,-5.600484833121299744e-02,-2.015879154205322266e-01,-1.394572407007217407e-01,-2.508436143398284912e-01,1.944777439348399639e-03,1.958969235420227051e-02,3.367442265152931213e-02,-2.125170975923538208e-01,-1.051099598407745361e-01,5.688156560063362122e-02,2.856188416481018066e-01,1.507766544818878174e-01,6.622456479817628860e-03,-2.966456413269042969e-01,-1.480508744716644287e-01,-2.542098462581634521e-01,-9.172124415636062622e-02,2.696862220764160156e-01,1.956957280635833740e-01,-1.793858706951141357e-01,-1.134735047817230225e-01,2.639769576489925385e-02,1.666440516710281372e-01,-1.879982650279998779e-01,8.474510908126831055e-02,1.516285240650177002e-01,8.622117340564727783e-02,3.501133248209953308e-02,8.900740742683410645e-02,-6.415032595396041870e-02,-2.581473886966705322e-01,-1.795197576284408569e-01,-7.531377673149108887e-02,7.773309946060180664e-03,1.215275228023529053e-01,-2.984564304351806641e-01,1.129362285137176514e-01,-1.590339094400405884e-02,6.156016141176223755e-02,-1.232893541455268860e-01,5.238036438822746277e-02,9.604585915803909302e-02,-3.235852122306823730e-01,3.321326524019241333e-02,-8.643352985382080078e-02,-4.705034941434860229e-02,1.076347231864929199e-01,7.387342303991317749e-02,-8.763002231717109680e-03,-5.765740200877189636e-02,1.797761209309101105e-02,-4.950037002563476562e-01,5.822796374559402466e-02,-1.379079371690750122e-01,-1.730128377676010132e-01,-1.610794477164745331e-02
-2.014381624758243561e-02,7.560551911592483521e-02,6.367275863885879517e-02,-1.053486987948417664e-01,-1.863136440515518188e-01,-2.235678732395172119e-01,-2.392428368330001831e-01,-2.300194352865219116e-01,1.490813940763473511e-01,-2.004858702421188354e-01,-7.068002969026565552e-02,7.383234798908233643e-02,-1.045676469802856445e-01,-2.290293425321578979e-01,-1.518918722867965698e-01,2.527769422158598900e-03,5.100358650088310242e-02,-1.004686392843723297e-02,-4.669678211212158203e-02,1.076671257615089417e-01,5.077798664569854736e-02,-2.027762532234191895e-01,-2.115059196949005127e-01,-1.742638200521469116e-01,-4.913672804832458496e-02,2.479723654687404633e-03,-2.302183359861373901e-01,1.369320750236511230e-01,-8.915361016988754272e-02,-1.165437102317810059e-01,-1.235307753086090088e-01,-1.787760481238365173e-02,3.007092326879501343e-02,-1.291433423757553101e-01,1.477611530572175980e-02,-1.803255826234817505e-02,1.665248721837997437e-01,1.907067373394966125e-02,-7.372293621301651001e-02,-1.693579703569412231e-01,-2.035341598093509674e-02,3.660818934440612793e-02,5.921027623116970062e-04,2.390942871570587158e-01,-1.853234507143497467e-02,-1.416161954402923584e-01,1.449593454599380493e-01,1.851594150066375732e-01,-1.132810264825820923e-01,1.242575049400329590e-02,-1.670816838741302490e-01,1.658176332712173462e-01,-9.706696867942810059e-02,-1.501305997371673584e-01,4.851739108562469482e-02,9.245477616786956787e-02,-2.353872172534465790e-03,-2.268065512180328369e-01,1.320144981145858765e-01,2.066860049962997437e-01,-6.689922511577606201e-02,-4.381436854600906372e-02,-7.156760245561599731e-02,1.696720719337463379e-01,3.191108629107475281e-02,-2.416061758995056152e-01,-6.937858182936906815e-03,-1.617837101221084595e-01,-7.578077167272567749e-02,-2.623378532007336617e-03,2.546401135623455048e-02,-2.577925622463226318e-01,1.600073128938674927e-01,-1.769762337207794189e-01,1.570484042167663574e-01,-7.888740859925746918e-03,-9.154284000396728516e-02,2.360024303197860718e-01,-1.466863304376602173e-01,1.301308274269104004e-01,7.210265845060348511e-02,7.648946344852447510e-02,-1.054061725735664368e-01,5.802237614989280701e-02,-1.727352850139141083e-02,-1.875226646661758423e-01,-1.679412573575973511e-01,-9.569417685270309448e-02,8.160190284252166748e-02,-1.240039765834808350e-01,-3.321671485900878906e-02,2.485012635588645935e-02,-8.291418105363845825e-02,1.122352629899978638e-01,2.554573714733123779e-01,-1.236028373241424561e-01,-2.156051695346832275e-01,1.084130350500345230e-02,-2.401506602764129639e-01,-6.475780159235000610e-02,3.004600107669830322e-01,1.296716928482055664e-01,6.604167073965072632e-02,-2.796803228557109833e-02,8.849714696407318115e-02,-1.009423434734344482e-01,-1.223509106785058975e-02,5.148855596780776978e-02,-9.498634189367294312e-02,1.848101466894149780e-01,1.275904774665832520e-01,2.842467837035655975e-02,-9.284361265599727631e-03,-2.299297600984573364e-01,-2.943740412592887878e-02,-3.196272999048233032e-02,4.687425494194030762e-01,-1.693770475685596466e-02,2.464074492454528809e-01,-6.070096418261528015e-02,1.836610883474349976e-01,-1.858083531260490417e-02,-1.065587177872657776e-01,-2.974936068058013916e-01,-2.359513938426971436e-01,2.977705299854278564e-01,-5.487637221813201904e-02,2.497738152742385864e-01,-5.783084779977798462e-02,-8.073950558900833130e-02,-4.313778132200241089e-03,-2.875067889690399170e-01,-7.102246582508087158e-02,1.304089725017547607e-01,2.381322383880615234e-01,8.847048878669738770e-02,-2.162220422178506851e-03,-1.921358704566955566e-01,-3.317047655582427979e-02,-9.974948316812515259e-02,-1.088033914566040039e-01,-9.510433673858642578e-02,-6.889996118843555450e-03,1.369514912366867065e-01,-1.069324985146522522e-01,1.243880949914455414e-02,-2.839681804180145264e-01,-2.005950510501861572e-01,-8.349977433681488037e-02,2.588863670825958252e-01,-5.373540148138999939e-02,-3.855190798640251160e-02,2.164222002029418945e-01,-2.112324535846710205e-01,-4.539647698402404785e-02,1.656833477318286896e-02,-1.155949942767620087e-02,-1.570203602313995361e-01,-1.689038723707199097e-01,5.541158095002174377e-02,-2.629381716251373291e-01,-1.877917796373367310e-01,-1.652437448501586914e-01,1.421801373362541199e-02,-2.378304116427898407e-02,1.364587992429733276e-01,-9.429911524057388306e-02,8.407170325517654419e-02,-4.106859117746353149e-02,-5.420716851949691772e-02,-1.552811712026596069e-01,-1.322362869977951050e-01,2.933714389801025391e-01,-3.206617832183837891e-01,-1.883627176284790039e-01,4.745334386825561523e-02,1.345232781022787094e-02,2.855699323117733002e-02,-3.382326662540435791e-01,-2.548123896121978760e-01,-8.676989376544952393e-02,-1.468031704425811768e-01,1.374327540397644043e-01,-1.079179532825946808e-02,-1.365039646625518799e-01,-1.439184397459030151e-01,-2.889199256896972656e-01,-3.561010211706161499e-02,-2.401488833129405975e-02,-1.964660286903381348e-01,-1.159227117896080017e-01,-2.669901028275489807e-02,-7.062675058841705322e-02,-2.594859004020690918e-01,-2.352041304111480713e-01,-3.212559819221496582e-01,-6.164687499403953552e-02,8.084880560636520386e-02,1.167961955070495605e-02,1.219284757971763611e-01,1.282643079757690430e-01,-1.242143958806991577e-01,-2.575334906578063965e-01,1.017692163586616516e-01,1.683399826288223267e-01,3.061895817518234253e-02,-6.056674569845199585e-02,-1.653168201446533203e-01,6.047337781637907028e-03,1.003828048706054688e-01,-2.478255331516265869e-01,-1.225011888891458511e-02,-1.229163110256195068e-01,3.216594457626342773e-01,-9.206581115722656250e-02,6.561057269573211670e-02,1.364008784294128418e-01,3.715107142925262451e-01,7.975150644779205322e-02,-1.057502776384353638e-01,7.499824278056621552e-03,-1.420206762850284576e-02,3.605739399790763855e-02,-1.206564977765083313e-01,-1.812899857759475708e-01,-2.136973440647125244e-01,-5.509159062057733536e-03,4.373820964246988297e-03,-1.995797902345657349e-01,2.187813222408294678e-01,-1.545326113700866699e-01,1.178841963410377502e-01,8.532378077507019043e-02,2.186322510242462158e-01,8.947009220719337463e-03,-2.868655696511268616e-02,1.343982964754104614e-01,-1.811606734991073608e-01,-4.755357652902603149e-02,-4.458688199520111084e-02,-1.806162446737289429e-01,-2.140924930572509766e-01,-1.776214241981506348e-01,-1.539739221334457397e-01,-7.774619013071060181e-02,-5.786021798849105835e-02,-3.381807208061218262e-01,9.956292062997817993e-02,-2.078272849321365356e-01,1.592186689376831055e-01,-1.137808784842491150e-01,-8.457300812005996704e-02,1.174708711914718151e-03,-3.872755467891693115e-01,2.735280990600585938e-02,2.449375540018081665e-01
-1.386765539646148682e-01,-1.729561984539031982e-01,2.748435549437999725e-02,1.453877389430999756e-01,-1.814656257629394531e-01,1.788624674081802368e-01,-7.595003116875886917e-03,-2.547712624073028564e-01,7.123731821775436401e-02,1.130574196577072144e-01,-6.655613332986831665e-02,-2.773586660623550415e-03,3.401845693588256836e-01,-2.289838045835494995e-01,-9.826203435659408569e-02,-1.234622001647949219e-01,-9.884297847747802734e-03,-1.833018101751804352e-02,1.452063471078872681e-01,4.655630141496658325e-02,-2.080037817358970642e-02,4.825169593095779419e-02,1.462353207170963287e-02,-1.313966214656829834e-01,3.485488519072532654e-02,1.933822035789489746e-02,1.506690979003906250e-01,-4.267870262265205383e-02,2.411324977874755859e-01,-1.836680024862289429e-01,1.617354899644851685e-01,-1.267576068639755249e-01,-9.980487823486328125e-02,-1.148127838969230652e-01,-3.042958863079547882e-02,-1.538221091032028198e-01,2.535357475280761719e-01,1.445541996508836746e-02,7.323195040225982666e-02,-1.227476969361305237e-01,1.192446053028106689e-01,-6.682792305946350098e-02,-1.198594346642494202e-01,-1.015822589397430420e-01,8.201987296342849731e-02,8.376422338187694550e-03,-1.360662579536437988e-01,2.226694226264953613e-01,1.456968039274215698e-01,-3.416743502020835876e-02,-4.161907732486724854e-01,-1.868958771228790283e-01,1.337435841560363770e-01,-2.984826266765594482e-01,1.909756660461425781e-01,-1.413627564907073975e-01,-1.309340149164199829e-01,-1.643294692039489746e-01,-3.382015600800514221e-02,1.633347719907760620e-01,-5.707648023962974548e-02,2.279934845864772797e-02,-2.357525564730167389e-02,1.384100466966629028e-01,1.181996315717697144e-01,-2.450937330722808838e-01,-5.035167094320058823e-03,6.618462502956390381e-02,1.579475253820419312e-01,-1.270519196987152100e-01,-9.213249385356903076e-02,3.568157181143760681e-02,1.151849776506423950e-01,7.071848213672637939e-02,-4.178818687796592712e-02,1.959244161844253540e-01,-3.287296567577868700e-05,-5.733226425945758820e-03,8.367556333541870117e-02,1.236639097332954407e-01,2.069649249315261841e-01,1.353963464498519897e-01,7.371825724840164185e-02,-9.878834336996078491e-02,2.525795102119445801e-01,6.300620734691619873e-02,4.394104704260826111e-02,-5.042438954114913940e-02,-1.236664354801177979e-01,-1.182620078325271606e-01,8.627060800790786743e-02,6.767261773347854614e-02,-8.901444822549819946e-02,8.539833873510360718e-02,2.823569998145103455e-02,-1.091230064630508423e-01,2.167950570583343506e-01,-7.967361062765121460e-02,2.074896395206451416e-01,-2.088077813386917114e-01,9.699515253305435181e-02,-2.639081329107284546e-02,1.161089017987251282e-01,-5.688802897930145264e-02,9.280757606029510498e-02,-1.941422373056411743e-01,1.318503022193908691e-01,2.788368426263332367e-02,-1.299991179257631302e-02,-2.530969679355621338e-01,8.595762401819229126e-02,2.051312662661075592e-02,-3.096931055188179016e-02,2.887606248259544373e-02,-2.259801626205444336e-01,-5.083793029189109802e-02,2.034541368484497070e-01,7.941259443759918213e-02,2.583958506584167480e-01,-2.046149969100952148e-02,-1.330372691154479980e-01,4.302931576967239380e-02,-3.329434245824813843e-02,-2.241732031106948853e-01,6.676553934812545776e-02,-2.360829859972000122e-01,-2.131006419658660889e-01,-1.438880339264869690e-02,-6.892884522676467896e-02,-5.923082306981086731e-02,-7.157593220472335815e-02,-3.095688764005899429e-03,3.143292386084794998e-03,-1.692181229591369629e-01,1.513107419013977051e-01,-3.531692177057266235e-02,-3.955952823162078857e-02,1.194214895367622375e-01,-2.191670686006546021e-01,-9.126368910074234009e-03,2.702070772647857666e-01,1.555307582020759583e-02,1.158077940344810486e-01,3.212844952940940857e-02,-7.634629309177398682e-02,-9.297771751880645752e-02,-7.791794091463088989e-02,-1.527826189994812012e-01,1.202956140041351318e-01,-5.072683468461036682e-02,1.895567029714584351e-01,8.813554793596267700e-02,-1.547844707965850830e-02,1.353013962507247925e-01,1.943905837833881378e-02,1.349200457334518433e-01,-1.039567813277244568e-01,-9.238012135028839111e-02,-9.524059295654296875e-02,-4.881736636161804199e-02,1.417767405509948730e-01,-1.878287792205810547e-01,2.548384368419647217e-01,1.434236764907836914e-01,2.090098261833190918e-01,1.027557253837585449e-01,4.779741913080215454e-02,1.102664694190025330e-01,-9.144324064254760742e-02,7.980024069547653198e-02,1.804132312536239624e-01,4.063797369599342346e-02,9.547560662031173706e-02,-2.298300564289093018e-01,-2.222271449863910675e-02,-8.709441870450973511e-02,-4.874512087553739548e-03,2.011958807706832886e-01,-1.700422540307044983e-02,1.013851761817932129e-01,5.981510970741510391e-03,9.974679350852966309e-02,-1.662012189626693726e-02,-1.619892269372940063e-01,7.511387020349502563e-02,-6.444775313138961792e-02,1.789211183786392212e-01,8.056732267141342163e-02,1.350457370281219482e-01,6.321164965629577637e-02,-1.905589736998081207e-02,-9.264539182186126709e-02,-1.926081925630569458e-01,2.429323792457580566e-01,1.402829191647469997e-03,1.557015776634216309e-01,-5.425646528601646423e-02,-8.229068666696548462e-02,-1.009515896439552307e-01,3.377624452114105225e-01,3.223452717065811157e-02,9.465309232473373413e-02,-4.585307091474533081e-02,2.255409657955169678e-01,-2.470740377902984619e-01,1.452745646238327026e-01,-1.420152038335800171e-01,4.345683846622705460e-03,-2.610504627227783203e-01,-7.009978592395782471e-02,-2.012146264314651489e-01,1.200124323368072510e-01,-5.241721123456954956e-02,-5.950900167226791382e-02,-2.492228895425796509e-02,1.533356010913848877e-01,1.098209396004676819e-01,5.708511546254158020e-02,-1.635363250970840454e-01,3.125267848372459412e-02,6.768573075532913208e-02,1.620593965053558350e-01,1.030876189470291138e-01,6.239423155784606934e-02,1.760626025497913361e-02,6.107493117451667786e-02,1.961805671453475952e-01,1.481971442699432373e-01,3.084941580891609192e-02,1.110586449503898621e-01,4.600112885236740112e-02,8.641920238733291626e-02,-2.752499468624591827e-02,1.264263093471527100e-01,4.275656491518020630e-02,7.576273381710052490e-02,5.078014358878135681e-02,-4.355910420417785645e-02,8.803769201040267944e-02,-4.879280924797058105e-02,-1.072901114821434021e-01,-1.553941611200571060e-02,-6.937009096145629883e-02,5.722088739275932312e-03,-1.549379806965589523e-02,8.204107172787189484e-03,-3.307274729013442993e-02,1.080993711948394775e-01,-1.856773644685745239e-01,-5.629402399063110352e-02,5.961732193827629089e-02,-1.412433683872222900e-01,4.969421774148941040e-02,-1.790227442979812622e-01,-6.956324726343154907e-02,-6.818097829818725586e-02
4.450349509716033936e-02,1.108527407050132751e-01,-1.886093616485595703e-02,8.046464622020721436e-02,1.111668944358825684e-01,-1.204494088888168335e-01,-1.502325087785720825e-01,8.355250209569931030e-02,-8.525627106428146362e-02,8.332792669534683228e-02,-1.002685353159904480e-01,-1.969026774168014526e-02,9.090307354927062988e-02,8.377824909985065460e-03,3.788840770721435547e-02,-5.395241826772689819e-02,7.473406195640563965e-02,1.622980087995529175e-02,5.143038555979728699e-02,-9.543562680482864380e-02,-9.629328548908233643e-02,-3.989103808999061584e-02,-1.094907224178314209e-01,-1.398769766092300415e-01,-1.013498827815055847e-01,1.886406913399696350e-02,-6.008415669202804565e-02,-5.071881785988807678e-02,2.074725925922393799e-02,-1.253682821989059448e-01,9.389001131057739258e-02,-1.814195699989795685e-02,-1.460575163364410400e-01,-4.977344349026679993e-02,-1.614909805357456207e-02,-1.376758888363838196e-02,-1.058966070413589478e-01,-1.061909124255180359e-01,1.868405938148498535e-02,-6.357121467590332031e-02,-1.142154037952423096e-01,-1.119145303964614868e-01,1.718944124877452850e-02,-1.501950025558471680e-01,-5.801888555288314819e-02,5.854199826717376709e-02,-1.787075307220220566e-03,-8.937264792621135712e-03,-4.821267351508140564e-02,3.152510151267051697e-02,-1.510306894779205322e-01,-1.055898815393447876e-01,-1.076030358672142029e-01,-2.096412330865859985e-02,4.850389435887336731e-03,-2.258838154375553131e-02,8.614270016551017761e-03,-8.463183790445327759e-02,-7.583023607730865479e-02,-5.858845636248588562e-02,-8.648625761270523071e-02,4.981520771980285645e-02,-3.753386437892913818e-02,-1.261295676231384277e-01,-8.556719869375228882e-02,6.699685752391815186e-02,-1.357538104057312012e-01,1.931560970842838287e-02,-7.581783086061477661e-02,-6.204979494214057922e-02,-3.986218012869358063e-03,-5.429890006780624390e-02,7.378256320953369141e-02,5.989579856395721436e-02,7.914386689662933350e-02,-6.085808575153350830e-02,2.767281606793403625e-02,5.192216485738754272e-02,-8.945473283529281616e-02,-4.675236344337463379e-02,2.661290392279624939e-02,-1.259984374046325684e-01,-4.215459153056144714e-02,-1.863364130258560181e-02,-1.433418840169906616e-01,-2.261130698025226593e-02,-1.475533992052078247e-01,-2.888026833534240723e-02,-3.119326382875442505e-02,1.063817366957664490e-01,7.447494566440582275e-02,4.313134029507637024e-02,-1.285048574209213257e-01,-2.214222587645053864e-02,-2.163991332054138184e-02,-6.930980086326599121e-02,-9.956941008567810059e-03,8.424966782331466675e-02,-6.220374628901481628e-02,8.073434233665466309e-02,-4.806575365364551544e-03,-8.092440664768218994e-03,6.618250906467437744e-02,-8.004041761159896851e-02,-1.174109335988759995e-02,-6.876615434885025024e-02,9.397650137543678284e-03,6.295315921306610107e-02,-8.459327369928359985e-02,9.491347521543502808e-02,-1.641525030136108398e-01,-1.227308884263038635e-01,-5.996483564376831055e-02,1.500702556222677231e-02,4.177298396825790405e-02,1.657607220113277435e-02,-1.079800948500633240e-01,-7.998249679803848267e-02,-1.020830124616622925e-03,-7.089825719594955444e-02,-2.334002032876014709e-02,2.622488513588905334e-02,2.838511951267719269e-02,-1.299084872007369995e-01,9.651076979935169220e-03,-5.034108459949493408e-02,-1.124534010887145996e-01,-1.793016493320465088e-02,5.598374083638191223e-02,-1.023794561624526978e-01,5.827770754694938660e-02,-1.337491720914840698e-01,-1.088616549968719482e-01,-9.230297803878784180e-02,-3.098148666322231293e-02,3.725501894950866699e-02,3.076188033446669579e-03,-1.164117604494094849e-01,-4.059941042214632034e-03,4.638982191681861877e-02,-1.385762244462966919e-01,7.559656165540218353e-03,3.533979877829551697e-02,-1.253517158329486847e-02,-1.467265933752059937e-01,2.386260963976383209e-02,-1.161327958106994629e-01,6.338208168745040894e-02,-1.136058717966079712e-01,2.427130378782749176e-02,-3.660770505666732788e-02,-1.101234480738639832e-01,7.396306376904249191e-03,-2.554753236472606659e-02,-1.185971871018409729e-01,-8.687474578619003296e-02,-9.522099792957305908e-02,-1.318794041872024536e-01,-3.947477322071790695e-03,1.057685166597366333e-01,-7.121067494153976440e-02,-1.429344061762094498e-02,5.577852949500083923e-02,-4.051346704363822937e-02,-8.313056081533432007e-03,2.525428310036659241e-02,-1.235156431794166565e-01,1.258209068328142166e-02,4.949979856610298157e-02,5.530051141977310181e-02,-1.236062645912170410e-01,-8.575961738824844360e-02,2.200234867632389069e-02,-3.272715257480740547e-03,-3.054504841566085815e-02,8.464583754539489746e-02,1.090445816516876221e-01,3.530414402484893799e-02,5.024509876966476440e-02,-3.476215153932571411e-02,3.923858981579542160e-03,-4.839176684617996216e-02,-2.495521865785121918e-02,5.301416292786598206e-02,-3.370801685377955437e-03,-1.446218341588973999e-01,6.597574800252914429e-02,-1.558863073587417603e-01,-7.892660051584243774e-02,-6.496568024158477783e-02,-1.317264139652252197e-01,-1.190299540758132935e-01,7.273554056882858276e-02,2.150215208530426025e-03,3.988344222307205200e-02,-1.243736967444419861e-02,-8.387641049921512604e-03,-1.211054995656013489e-01,1.717531122267246246e-02,-1.348620355129241943e-01,5.510829389095306396e-02,6.157966796308755875e-03,-5.401084199547767639e-02,-3.886463865637779236e-02,6.676127761602401733e-02,-1.015605852007865906e-01,7.699845731258392334e-02,-2.035553380846977234e-02,5.970739200711250305e-02,-2.138482220470905304e-02,-7.077630609273910522e-03,-1.277164518833160400e-01,-4.801082983613014221e-02,-6.476800888776779175e-02,-1.148078590631484985e-01,-1.388128250837326050e-01,-1.100371126085519791e-02,4.970739409327507019e-02,-1.674399524927139282e-02,-1.350638568401336670e-01,-8.981563732959330082e-04,-1.591893881559371948e-01,7.654494047164916992e-02,6.820880621671676636e-02,6.929411739110946655e-02,-1.252319961786270142e-01,-1.214126646518707275e-01,-4.451023787260055542e-02,-1.672100871801376343e-01,3.400967642664909363e-02,1.013796478509902954e-01,-5.273391678929328918e-02,2.662503346800804138e-02,1.654713414609432220e-02,4.330860450863838196e-02,3.735509933903813362e-03,-1.142041608691215515e-01,-4.373464733362197876e-02,-2.549162320792675018e-02,-1.170721575617790222e-01,-7.820124179124832153e-02,-4.245429858565330505e-02,-4.086105898022651672e-02,-4.251243174076080322e-02,-1.407879777252674103e-02,-1.553553789854049683e-01,-1.102078482508659363e-01,5.931785702705383301e-02,-7.943061739206314087e-02,7.327469438314437866e-02,-1.956476457417011261e-02,-1.289706230163574219e-01,-9.248087555170059204e-02,7.466126233339309692e-02,4.849423468112945557e-02,-7.973658293485641479e-02
-5.022317171096801758e-02,-1.133995726704597473e-01,6.378275901079177856e-02,-1.449573040008544922e-01,2.146349102258682251e-01,4.430652037262916565e-02,-9.816567413508892059e-03,-6.037671864032745361e-02,1.782578378915786743e-01,-1.703159958124160767e-01,1.730330586433410645e-01,1.292663067579269409e-01,2.920531928539276123e-01,2.840856313705444336e-01,-6.725610792636871338e-02,1.410931646823883057e-01,2.959637157618999481e-02,-5.335081368684768677e-03,-1.253249049186706543e-01,-1.731714308261871338e-01,1.572453677654266357e-01,-1.486001014709472656e-01,-1.156479716300964355e-01,1.946449875831604004e-01,8.277520537376403809e-02,3.646386787295341492e-02,-4.993897303938865662e-02,-5.678249895572662354e-02,-3.190713375806808472e-02,-6.115949898958206177e-02,1.315666437149047852e-01,-1.547378152608871460e-01,9.964966215193271637e-03,-4.454127047210931778e-03,-7.173196226358413696e-02,-5.747859552502632141e-02,2.008245140314102173e-01,-1.031002476811408997e-01,-1.368652135133743286e-01,-6.407511234283447266e-02,-3.228712454438209534e-02,-1.292346268892288208e-01,-2.418206930160522461e-01,1.060282588005065918e-01,8.419276773929595947e-02,1.446899920701980591e-01,1.034011766314506531e-01,-9.271237999200820923e-02,-2.690057754516601562e-01,1.170717999339103699e-01,-1.839924789965152740e-02,-1.924005150794982910e-01,2.302431613206863403e-01,-4.928677082061767578e-01,2.584066689014434814e-01,7.635202258825302124e-02,-2.182924747467041016e-01,-2.223906069993972778e-01,-3.778009414672851562e-01,1.565949469804763794e-01,6.138590723276138306e-02,2.476508356630802155e-02,2.005029022693634033e-01,1.357616670429706573e-02,9.390765428543090820e-02,-1.271431595087051392e-01,-1.571354828774929047e-02,-2.767148613929748535e-01,1.208687499165534973e-01,2.508793957531452179e-02,-3.422427177429199219e-02,-7.859204895794391632e-03,6.180205941200256348e-02,-1.233902797102928162e-01,-2.403045743703842163e-01,-3.001866117119789124e-02,1.824395507574081421e-01,-4.467634484171867371e-02,6.941424310207366943e-02,1.631266325712203979e-01,-5.701620876789093018e-02,-7.709915190935134888e-02,-1.854658010415732861e-03,-1.514053940773010254e-01,-9.273568540811538696e-02,5.093402788043022156e-02,-4.207189008593559265e-02,-4.596623778343200684e-02,5.826684832572937012e-02,-9.987194091081619263e-02,1.810667961835861206e-01,-9.641665220260620117e-02,-1.443080604076385498e-01,4.779919236898422241e-02,9.573096781969070435e-02,-1.104626804590225220e-01,-1.525814533233642578e-01,-2.640019915997982025e-02,-9.774241596460342407e-03,5.063982680439949036e-02,-5.068957805633544922e-03,-2.213529124855995178e-02,1.039956510066986084e-02,-1.089040711522102356e-01,3.478337824344635010e-02,-6.293085217475891113e-02,-5.027634277939796448e-02,1.262705773115158081e-01,6.089887022972106934e-02,-1.004958618432283401e-02,1.068915706127882004e-02,-6.641591340303421021e-02,-3.753471374511718750e-01,-3.579676449298858643e-01,-1.597197502851486206e-01,4.744840413331985474e-02,-1.847879379056394100e-03,-3.398109972476959229e-02,9.641804546117782593e-02,1.169722229242324829e-01,-7.601407170295715332e-02,-1.488349139690399170e-01,-1.702723801136016846e-01,7.855823636054992676e-02,-7.611572742462158203e-03,-2.044138498604297638e-02,-1.551829725503921509e-01,-1.672086119651794434e-02,-1.848414093255996704e-01,-2.291983515024185181e-01,-1.049148663878440857e-01,-3.063378930091857910e-01,1.148398816585540771e-01,-1.280371379107236862e-02,9.937570244073867798e-02,4.137948900461196899e-02,-1.420671045780181885e-01,1.203684881329536438e-02,-3.119567632675170898e-01,1.257688403129577637e-01,1.528909951448440552e-01,-3.527087345719337463e-02,7.800525985658168793e-03,-4.962561279535293579e-02,2.458945214748382568e-01,-2.107473090291023254e-02,7.202976942062377930e-02,-2.075099647045135498e-01,-4.121160507202148438e-02,1.297954469919204712e-01,1.862173378467559814e-01,1.329575777053833008e-01,-7.707442156970500946e-03,2.766418643295764923e-02,-1.041918247938156128e-01,8.769648522138595581e-02,-2.089196890592575073e-01,-3.083064407110214233e-02,1.844647526741027832e-01,2.042481750249862671e-01,-1.104121506214141846e-01,-1.779868751764297485e-01,1.787029057741165161e-01,-8.403514325618743896e-02,4.143342375755310059e-02,-1.062691444531083107e-04,4.280983656644821167e-02,-1.979830116033554077e-02,-7.050671428442001343e-02,1.458067595958709717e-01,-6.015058979392051697e-02,1.242748275399208069e-01,-8.826721459627151489e-02,-1.176657453179359436e-01,-2.091637812554836273e-02,3.464112803339958191e-02,5.339248105883598328e-03,1.757187419570982456e-05,1.904659122228622437e-01,-1.905079744756221771e-02,-8.338046073913574219e-02,5.178731307387351990e-02,4.832159727811813354e-02,7.345417141914367676e-02,2.104191929101943970e-01,2.762552499771118164e-01,2.826031856238842010e-02,5.429501831531524658e-02,1.492536514997482300e-01,-7.267792522907257080e-02,1.248865276575088501e-01,7.325112819671630859e-02,-3.592203557491302490e-01,1.888436377048492432e-01,-6.413205713033676147e-02,-1.674889028072357178e-01,1.366201788187026978e-01,1.380234025418758392e-02,2.414027005434036255e-01,2.141813784837722778e-01,-8.407820016145706177e-02,6.612486392259597778e-02,-5.836785957217216492e-02,1.394098103046417236e-01,-2.163952291011810303e-01,2.600492835044860840e-01,1.316255331039428711e-02,-5.343641340732574463e-02,-6.753886491060256958e-02,1.197139322757720947e-01,-3.351609036326408386e-02,1.372090280055999756e-01,3.677921369671821594e-02,-1.047622635960578918e-01,-1.851818338036537170e-02,1.788653582334518433e-01,1.034603416919708252e-01,3.752987831830978394e-02,-7.526104152202606201e-02,4.949690774083137512e-02,-1.604811996221542358e-01,1.295049488544464111e-01,-4.636579379439353943e-02,2.883711084723472595e-02,-2.357048541307449341e-01,1.428220421075820923e-01,-9.387449175119400024e-02,2.976607978343963623e-01,1.468078494071960449e-01,-9.281128644943237305e-02,1.317283660173416138e-01,1.514565646648406982e-01,1.417359858751296997e-01,2.607620358467102051e-01,-1.585977897047996521e-02,1.614720970392227173e-01,-3.205800056457519531e-01,1.236256361007690430e-01,2.563442885875701904e-01,7.737409323453903198e-03,9.237742051482200623e-04,1.615891903638839722e-01,1.664395481348037720e-01,2.486959099769592285e-01,5.719163268804550171e-02,-9.659853577613830566e-02,4.735027626156806946e-02,3.964553773403167725e-02,1.321487724781036377e-01,1.797356903553009033e-01,3.856598958373069763e-02,1.111370995640754700e-01,-1.277105063199996948e-01,8.896990865468978882e-02,6.780110299587249756e-02,-3.459153696894645691e-02
8.551543205976486206e-02,-1.511825770139694214e-01,-1.531817018985748291e-01,1.187780499458312988e-01,-2.532992362976074219e-01,-1.136290058493614197e-01,6.241060420870780945e-02,-1.389412879943847656e-01,2.402618154883384705e-02,-1.446810513734817505e-01,-1.989072747528553009e-02,3.087848238646984100e-02,-1.013848930597305298e-01,1.283144205808639526e-01,4.153878614306449890e-02,6.450803577899932861e-02,1.112566292285919189e-01,-3.114430904388427734e-01,-1.621794328093528748e-02,-5.595346912741661072e-02,-9.026805311441421509e-02,4.335660859942436218e-02,-6.242796033620834351e-02,1.060599982738494873e-01,1.584045775234699249e-02,-1.706407517194747925e-01,2.001434937119483948e-02,1.190650239586830139e-01,-3.957767486572265625e-01,-3.097043931484222412e-02,1.537813544273376465e-01,1.182156205177307129e-01,-7.561681419610977173e-02,-7.859770208597183228e-02,1.249868702143430710e-02,-1.018127948045730591e-01,-9.492170065641403198e-02,-1.482292711734771729e-01,-7.926144450902938843e-02,1.094694137573242188e-01,1.220350638031959534e-01,-1.549528986215591431e-01,-1.028986275196075439e-01,1.207506731152534485e-01,-3.565512895584106445e-01,2.395159006118774414e-02,6.574530899524688721e-02,1.104470565915107727e-01,-3.044269979000091553e-01,6.483139842748641968e-02,-1.903191059827804565e-01,-5.201682075858116150e-02,2.403289526700973511e-01,-9.030037373304367065e-02,2.132180482149124146e-01,3.208397328853607178e-01,-1.261258870363235474e-01,-3.481364110484719276e-03,-1.244043335318565369e-01,1.289245188236236572e-01,-3.079546391963958740e-01,6.630591303110122681e-02,-6.859009712934494019e-02,1.876175701618194580e-01,5.794535204768180847e-02,1.064263731241226196e-01,6.181675940752029419e-02,-1.529596149921417236e-01,5.495466291904449463e-02,2.168462723493576050e-01,2.118937820196151733e-01,-2.125090360641479492e-01,-5.174886807799339294e-02,-1.260897666215896606e-01,-3.461207821965217590e-02,-3.461019694805145264e-02,1.141678914427757263e-01,-1.625538617372512817e-01,-1.553465612232685089e-02,7.612833380699157715e-02,3.909271582961082458e-02,-7.037121057510375977e-02,-5.051782354712486267e-02,-8.507526665925979614e-02,-5.253384821116924286e-03,3.105127997696399689e-02,-8.432041853666305542e-02,6.732587236911058426e-03,9.075935184955596924e-02,-2.057762145996093750e-01,2.049149572849273682e-02,5.705082044005393982e-02,9.218139946460723877e-02,5.150719732046127319e-02,8.528995513916015625e-02,-9.814929962158203125e-02,-2.473267614841461182e-01,-7.855784147977828979e-03,-1.938764005899429321e-01,-6.439016666263341904e-03,-7.253499352373182774e-04,8.623499423265457153e-02,-5.732471868395805359e-02,1.379054635763168335e-01,-1.152018457651138306e-01,1.420120894908905029e-01,-2.081022039055824280e-02,7.257271558046340942e-02,-3.744389116764068604e-02,8.899629116058349609e-02,1.468743681907653809e-01,-1.682123690843582153e-01,-2.904538512229919434e-01,-3.418625891208648682e-02,-2.105878293514251709e-01,6.786585599184036255e-02,4.240519925951957703e-02,7.112827152013778687e-02,8.062355220317840576e-02,7.365501672029495239e-02,6.890051811933517456e-02,5.509971454739570618e-02,-1.475404500961303711e-01,-1.050623655319213867e-01,-1.227941215038299561e-01,9.574083983898162842e-02,2.839101254940032959e-01,-5.957943573594093323e-02,-8.321879804134368896e-02,-1.520090997219085693e-01,-7.058335840702056885e-02,-1.129842996597290039e-01,1.176036056131124496e-02,1.536752190440893173e-02,4.648638144135475159e-02,5.249126628041267395e-02,-3.547389805316925049e-01,1.003246977925300598e-01,-7.866226881742477417e-02,9.662978351116180420e-02,-6.442679557949304581e-03,-4.501163586974143982e-02,-2.021826356649398804e-01,1.413117051124572754e-01,-1.998763903975486755e-02,-7.114749401807785034e-02,9.246661514043807983e-02,1.511027961969375610e-01,4.663883149623870850e-02,4.996421933174133301e-02,8.358191698789596558e-02,1.624361611902713776e-02,5.458442866802215576e-02,-1.246582195162773132e-01,2.185943536460399628e-02,1.553334593772888184e-01,-1.881667375564575195e-01,3.767577558755874634e-02,6.101184338331222534e-02,1.918067038059234619e-01,-1.412190049886703491e-01,9.337460994720458984e-02,4.020849615335464478e-02,-1.007516756653785706e-01,-7.064322382211685181e-02,1.753908768296241760e-02,-1.040503904223442078e-01,6.514556705951690674e-02,7.442694157361984253e-02,-6.264482438564300537e-02,-5.094151943922042847e-02,1.187774389982223511e-01,1.865372061729431152e-01,1.692179739475250244e-01,-1.342515647411346436e-01,2.001044750213623047e-01,-1.740981936454772949e-01,-8.562128245830535889e-02,-1.552412658929824829e-01,5.242293328046798706e-02,-5.583406090736389160e-01,6.744644045829772949e-02,-2.914889156818389893e-02,-5.972813442349433899e-02,1.225688457489013672e-01,1.752157658338546753e-01,-2.417497895658016205e-02,-1.980769634246826172e-01,2.047031559050083160e-02,-3.844173997640609741e-02,3.164780884981155396e-02,-3.381701558828353882e-02,-3.465160727500915527e-02,-1.307221204042434692e-01,-3.004296310245990753e-02,4.693782329559326172e-02,-4.400232061743736267e-02,-1.251063495874404907e-01,-7.088427245616912842e-02,1.673787236213684082e-01,7.022490352392196655e-02,5.651791766285896301e-02,-3.178750723600387573e-02,-8.426617085933685303e-02,-2.200319766998291016e-01,7.958774268627166748e-02,-6.452928483486175537e-02,9.607694298028945923e-02,-1.451173890382051468e-02,-2.852866612374782562e-02,-4.346943646669387817e-02,7.678852975368499756e-02,1.792092919349670410e-01,-6.354943662881851196e-02,2.824164740741252899e-02,-9.702911972999572754e-02,-7.223515771329402924e-03,6.404751539230346680e-02,-1.411686390638351440e-01,7.589707523584365845e-02,-2.223298102617263794e-01,1.392424106597900391e-01,2.703432738780975342e-02,-1.095364317297935486e-01,-2.052561938762664795e-02,3.768688812851905823e-02,2.321096211671829224e-01,2.567304372787475586e-01,2.338138036429882050e-02,-1.369315832853317261e-01,1.444656848907470703e-01,-1.992428116500377655e-02,6.297692656517028809e-02,-1.022731140255928040e-02,-1.640751026570796967e-02,-7.955119013786315918e-02,3.227258473634719849e-02,1.775920540094375610e-01,-4.239156842231750488e-02,-2.574557662010192871e-01,3.365458548069000244e-02,2.686025202274322510e-01,3.391561508178710938e-01,6.649298127740621567e-03,-2.923357188701629639e-01,-9.519793093204498291e-02,-2.163879722356796265e-01,-1.238477900624275208e-01,-2.248205617070198059e-02,4.991676285862922668e-02,1.864339262247085571e-01,-3.968529403209686279e-01,2.758108824491500854e-02,-1.416999697685241699e-01,5.644062533974647522e-02,1.041884645819664001e-01
2.929972670972347260e-02,-7.465303689241409302e-02,7.299159467220306396e-02,-1.326061189174652100e-01,4.917979612946510315e-02,3.362569212913513184e-02,-6.103922426700592041e-02,7.424456998705863953e-03,-4.883558675646781921e-02,6.945559382438659668e-02,-1.493334174156188965e-01,-8.510868065059185028e-03,-9.546639025211334229e-02,8.416447043418884277e-02,1.048095747828483582e-01,-5.602937936782836914e-02,-1.243633702397346497e-01,-4.098593816161155701e-02,-5.225520581007003784e-02,6.004776433110237122e-02,-1.183859724551439285e-02,-1.053045764565467834e-01,2.302369289100170135e-02,6.291136145591735840e-02,-8.807671070098876953e-02,5.443661287426948547e-02,-8.102096617221832275e-02,-1.027708053588867188e-01,7.086988538503646851e-02,-9.058105200529098511e-02,3.959245607256889343e-02,-1.167665645480155945e-01,6.105322018265724182e-02,-4.612841084599494934e-02,-1.364587098360061646e-01,-6.302529573440551758e-02,2.580377273261547089e-02,2.163418196141719818e-02,5.930362269282341003e-02,-4.355557635426521301e-02,7.353262603282928467e-02,-9.190930426120758057e-02,9.866154193878173828e-02,-1.012096628546714783e-01,-8.290249109268188477e-02,-3.750307857990264893e-02,-4.195157811045646667e-02,7.948757708072662354e-02,-1.652922853827476501e-02,1.294016093015670776e-01,7.917876541614532471e-02,9.080129861831665039e-02,-8.492184430360794067e-02,-7.209667563438415527e-02,5.662862583994865417e-02,8.610364049673080444e-02,1.147480234503746033e-01,7.105403393507003784e-02,8.581098169088363647e-02,2.324217744171619415e-02,-1.447789222002029419e-01,-5.911928415298461914e-02,8.758282661437988281e-02,-5.131468176841735840e-02,-7.094028592109680176e-02,1.057664770632982254e-02,-1.132795214653015137e-01,7.282447814941406250e-02,-2.396570146083831787e-02,-1.396169960498809814e-01,-1.096616536378860474e-01,-8.799011260271072388e-02,5.449843406677246094e-02,2.074421755969524384e-02,5.463782325387001038e-02,5.950954928994178772e-02,-8.361181616783142090e-02,9.401792287826538086e-02,-1.258832961320877075e-01,-4.360049217939376831e-02,4.748102650046348572e-02,6.884433329105377197e-02,-8.910512924194335938e-02,5.836698226630687714e-03,3.464622423052787781e-02,1.824924908578395844e-02,2.286909148097038269e-02,-1.023033857345581055e-01,3.150439634919166565e-02,-1.185420975089073181e-01,-1.352548003196716309e-01,-1.020187232643365860e-02,-5.293413251638412476e-02,-1.244506388902664185e-01,2.564741112291812897e-02,9.553688764572143555e-02,3.669931739568710327e-02,-1.206490695476531982e-01,8.120318502187728882e-02,-8.245410770177841187e-02,-6.960977613925933838e-02,-7.814816385507583618e-02,-1.249247118830680847e-01,9.888970525935292244e-04,-9.311857074499130249e-02,-3.691109013743698597e-04,1.363607868552207947e-02,-1.136054322123527527e-01,-6.191421765834093094e-03,3.106090612709522247e-02,-2.131921052932739258e-02,3.406872972846031189e-03,7.764384150505065918e-02,-7.033862173557281494e-02,-5.552783608436584473e-02,-1.498445123434066772e-01,-9.678163565695285797e-03,-3.817645367234945297e-03,-7.032212615013122559e-02,-1.563786268234252930e-01,-1.886111311614513397e-02,-2.356739155948162079e-02,-4.842476174235343933e-02,-7.225798070430755615e-02,-7.720246165990829468e-02,-6.499332934617996216e-02,-2.559203654527664185e-02,2.127170003950595856e-02,3.722921386361122131e-02,-6.445401906967163086e-02,-7.547592371702194214e-02,-4.024996235966682434e-02,-1.075301021337509155e-01,-3.025886043906211853e-02,-6.792414933443069458e-02,4.462947323918342590e-02,-7.163017243146896362e-02,1.167091652750968933e-01,7.637950032949447632e-02,2.002393826842308044e-03,6.616080552339553833e-02,-1.052377372980117798e-01,-1.267991214990615845e-01,-1.877835392951965332e-02,-3.924335911870002747e-02,-1.373877525329589844e-01,-1.095290854573249817e-01,6.495790183544158936e-02,-5.033481866121292114e-02,1.245665014721453190e-03,1.898662000894546509e-02,-1.073034703731536865e-01,-1.143466383218765259e-01,-6.066712364554405212e-02,1.283838320523500443e-02,5.374756082892417908e-02,5.885237362235784531e-03,-3.743021935224533081e-02,-6.557305157184600830e-02,-1.201705634593963623e-01,-8.874914050102233887e-02,-6.808876991271972656e-02,-7.614665478467941284e-02,-2.674749307334423065e-02,-5.954252928495407104e-02,1.109391450881958008e-01,5.512001365423202515e-02,6.215959787368774414e-02,-8.708932995796203613e-02,7.439379394054412842e-02,-3.706993907690048218e-02,-6.410007178783416748e-02,7.153256237506866455e-02,-1.365789920091629028e-01,-6.585444509983062744e-02,-1.073597520589828491e-01,-6.822078675031661987e-02,-6.959885358810424805e-02,-1.136691421270370483e-01,1.566184125840663910e-02,-1.223455220460891724e-01,-6.193889304995536804e-03,1.742424629628658295e-02,-1.009026095271110535e-01,-4.053211957216262817e-02,9.680765122175216675e-02,2.519627474248409271e-02,-8.592189103364944458e-02,-5.867895111441612244e-02,7.577128708362579346e-02,6.591833382844924927e-02,-1.097475215792655945e-01,-7.722570747137069702e-02,-2.265326306223869324e-02,-6.352307647466659546e-02,-9.731532633304595947e-02,-1.174453049898147583e-01,-7.646857947111129761e-02,-5.000673979520797729e-02,-9.219321608543395996e-02,-1.867103762924671173e-02,-8.734971284866333008e-02,-3.370434045791625977e-02,5.069438740611076355e-02,-1.275958120822906494e-01,-1.080648377537727356e-01,2.788377460092306137e-03,-1.257183700799942017e-01,2.692214958369731903e-02,-1.175459027290344238e-01,-6.847834587097167969e-02,4.413372650742530823e-02,-1.292648911476135254e-02,6.923142075538635254e-02,-1.034954413771629333e-01,-2.805098891258239746e-02,1.111355647444725037e-01,1.111296340823173523e-01,9.690966457128524780e-02,-1.365652382373809814e-01,1.965378038585186005e-02,5.198702588677406311e-02,1.051047742366790771e-01,2.567630447447299957e-02,-1.103392541408538818e-01,-3.852921724319458008e-02,2.051445655524730682e-02,-6.282629817724227905e-02,-5.285850912332534790e-02,-3.657291084527969360e-02,-8.102350682020187378e-02,-9.131067991256713867e-02,-9.910557419061660767e-02,-1.317753493785858154e-01,-1.169850118458271027e-02,2.755183912813663483e-02,-1.515924632549285889e-01,-7.306031137704849243e-02,-2.729689888656139374e-02,-2.477270551025867462e-03,-1.694106124341487885e-02,-1.539973169565200806e-01,-1.250718086957931519e-01,2.941204607486724854e-02,-1.006383746862411499e-01,-1.178829148411750793e-01,-7.437969744205474854e-02,-8.886859286576509476e-04,6.649310141801834106e-02,-2.886798046529293060e-02,5.915057659149169922e-02,1.993321999907493591e-02,-4.880660213530063629e-03,8.092270791530609131e-02,-1.093133389949798584e-01,-1.154062449932098389e-01
-3.942107409238815308e-02,1.628120392560958862e-01,3.685707598924636841e-02,-7.165631651878356934e-02,-1.096004471182823181e-01,-2.545795738697052002e-01,-1.861847564578056335e-02,2.329921536147594452e-02,-1.357838064432144165e-01,1.262852572835981846e-03,-3.621832700446248055e-03,1.375197917222976685e-01,-2.233215421438217163e-02,1.403974145650863647e-01,1.482300609350204468e-01,-7.499650865793228149e-02,9.718163311481475830e-02,5.609491374343633652e-03,-3.203715384006500244e-02,1.315924525260925293e-02,-9.081591852009296417e-03,7.368209958076477051e-02,-8.670760691165924072e-02,-4.024991299957036972e-03,1.743717044591903687e-01,-1.443036198616027832e-01,-5.215693637728691101e-02,-5.630459636449813843e-02,-3.093956038355827332e-02,1.714704036712646484e-01,-1.633330136537551880e-01,1.198934242129325867e-01,-1.638592332601547241e-01,-2.586222253739833832e-02,3.827506676316261292e-02,1.013132259249687195e-01,9.591346979141235352e-02,6.172369047999382019e-02,-1.370068192481994629e-01,9.824043512344360352e-02,6.877847015857696533e-02,5.418402329087257385e-02,1.009648814797401428e-01,-6.077307835221290588e-02,1.334442496299743652e-01,3.671726211905479431e-02,9.126099199056625366e-02,-4.561823606491088867e-02,-1.690099015831947327e-02,-2.025769464671611786e-02,7.853998988866806030e-02,-2.182275652885437012e-01,6.195833906531333923e-02,2.063076347112655640e-01,-9.232813864946365356e-02,-8.443657308816909790e-02,2.191602587699890137e-01,-8.998631685972213745e-02,1.860690265893936157e-01,1.356836855411529541e-01,1.425050497055053711e-01,-3.164710998535156250e-01,-2.934718728065490723e-01,8.507058955729007721e-03,-1.239208579063415527e-01,-1.776241511106491089e-02,-3.677768632769584656e-02,-6.386674195528030396e-02,-2.190415114164352417e-01,-1.919599771499633789e-01,7.084574550390243530e-02,1.661866009235382080e-01,-2.033067196607589722e-01,-2.089723944664001465e-01,-8.366380818188190460e-03,-8.141575753688812256e-02,-8.555585891008377075e-02,1.410326063632965088e-01,6.521775573492050171e-02,-2.240894138813018799e-01,-2.040856331586837769e-01,5.234412476420402527e-02,4.407260566949844360e-02,-2.203069478273391724e-01,-1.387539207935333252e-01,8.607582002878189087e-02,-8.151149377226829529e-03,2.157981991767883301e-01,-8.225989341735839844e-02,3.626947849988937378e-02,1.375085264444351196e-01,-6.784567981958389282e-02,-1.597263962030410767e-01,-7.916177064180374146e-02,-7.427690178155899048e-02,-6.012338772416114807e-02,1.603479236364364624e-01,1.962986439466476440e-01,-1.349370330572128296e-01,5.181439965963363647e-02,-1.745915785431861877e-02,-4.191144369542598724e-03,-8.578698337078094482e-02,-1.325683668255805969e-02,1.664848923683166504e-01,1.798404753208160400e-01,5.754067748785018921e-02,-1.982655674219131470e-01,-1.121937707066535950e-01,1.230882331728935242e-01,5.613285303115844727e-02,2.686931006610393524e-02,1.660006940364837646e-01,8.783334493637084961e-02,1.652700155973434448e-01,1.348627358675003052e-01,7.839765399694442749e-02,-8.664785325527191162e-02,-1.537030488252639771e-01,9.121492505073547363e-02,-3.113027196377515793e-04,-5.176660418510437012e-02,1.692222207784652710e-01,7.475993037223815918e-02,1.042370591312646866e-02,1.256043463945388794e-01,-7.003927603363990784e-03,-2.230326831340789795e-01,8.298685401678085327e-02,-1.042303517460823059e-01,7.375818490982055664e-02,1.631896048784255981e-01,-1.847092211246490479e-01,-2.361416965723037720e-01,-6.675583124160766602e-02,-8.760958164930343628e-02,1.779646240174770355e-02,-2.969841361045837402e-01,5.388192087411880493e-02,-1.295115239918231964e-02,-6.398385763168334961e-02,1.900396198034286499e-01,-3.209870681166648865e-02,2.317817695438861847e-02,-3.750031068921089172e-02,-4.188508540391921997e-02,8.713278919458389282e-02,1.215043812990188599e-01,-1.276622153818607330e-02,-1.166232023388147354e-02,-1.655820757150650024e-01,-9.289606660604476929e-02,7.591923931613564491e-04,-6.654924899339675903e-02,2.186562567949295044e-01,-1.744109839200973511e-01,3.948422521352767944e-02,3.596796467900276184e-02,6.564146280288696289e-02,-1.056749746203422546e-01,1.415082719177007675e-02,6.426657736301422119e-02,-8.243211358785629272e-02,-4.509567469358444214e-02,-2.072625458240509033e-01,-2.409178949892520905e-02,-1.372980326414108276e-01,-4.761731624603271484e-02,-7.936105132102966309e-02,1.949064731597900391e-01,3.965834900736808777e-02,-1.535791605710983276e-01,-1.465335488319396973e-01,4.646867141127586365e-02,7.755678892135620117e-02,1.417831033468246460e-01,-5.115528032183647156e-02,-5.500111728906631470e-02,-2.037055231630802155e-02,-6.236249208450317383e-02,1.089920550584793091e-01,-7.478891313076019287e-02,-1.086044013500213623e-01,1.324095427989959717e-01,-2.121568918228149414e-01,-8.649053424596786499e-02,-9.568083286285400391e-02,4.510702192783355713e-02,3.732933476567268372e-02,1.270670741796493530e-01,1.037623584270477295e-01,5.656448751688003540e-02,2.377448678016662598e-01,-1.317380964756011963e-01,-6.135442852973937988e-02,-1.316148191690444946e-01,-7.213172316551208496e-02,-7.603170815855264664e-03,-7.933864742517471313e-02,-2.930692732334136963e-01,-1.751511693000793457e-01,-1.065727416425943375e-02,-6.006167083978652954e-02,-1.129120737314224243e-01,1.692728698253631592e-01,-1.445069164037704468e-01,-9.127490222454071045e-02,-1.827461272478103638e-02,7.459212094545364380e-02,-3.029811382293701172e-01,-1.795099675655364990e-01,-2.823291420936584473e-01,-6.899099051952362061e-02,9.181604534387588501e-02,8.937736600637435913e-02,-6.793756783008575439e-02,1.391848921775817871e-01,-2.711336910724639893e-01,-2.507940530776977539e-01,3.452880680561065674e-02,4.033258557319641113e-02,-7.962298393249511719e-02,-1.481817662715911865e-01,-4.601031914353370667e-02,-1.626119166612625122e-01,-2.001358270645141602e-01,-3.805551826953887939e-01,-2.763143973425030708e-03,2.954365871846675873e-02,1.503026112914085388e-02,1.304836384952068329e-02,1.817676723003387451e-01,9.751698374748229980e-02,-7.722296565771102905e-02,-1.047482267022132874e-01,1.147591918706893921e-01,-1.991003751754760742e-03,-1.084684580564498901e-02,8.516342937946319580e-02,2.806692123413085938e-01,-1.331618055701255798e-02,3.150511905550956726e-02,-6.208405271172523499e-02,8.919181302189826965e-03,1.772915869951248169e-01,5.194522067904472351e-02,1.962953060865402222e-02,-3.463829634711146355e-03,6.898219138383865356e-02,9.134324640035629272e-02,-1.663226932287216187e-01,2.180875837802886963e-01,-1.407501995563507080e-01,1.127031221985816956e-01,1.347349286079406738e-01,1.520238071680068970e-01
4.954982548952102661e-03,1.851561367511749268e-01,1.847516149282455444e-01,1.317031681537628174e-01,-2.163205295801162720e-01,-3.987672273069620132e-03,-3.048063814640045166e-01,-2.773117125034332275e-01,1.037841439247131348e-01,8.482624590396881104e-02,4.705556854605674744e-02,-2.926665842533111572e-01,-2.350904233753681183e-02,-4.856569867115467787e-04,1.322978883981704712e-01,-1.134576946496963501e-01,7.830761373043060303e-02,1.404729336500167847e-01,2.330642379820346832e-02,5.369133502244949341e-02,2.105445042252540588e-02,-1.235065311193466187e-01,-2.212517559528350830e-01,-1.503597348928451538e-01,8.368296176195144653e-02,-5.058214068412780762e-02,2.217591851949691772e-01,-1.005073636770248413e-01,1.066579148173332214e-01,-8.883502334356307983e-02,4.926226288080215454e-02,-4.561090376228094101e-03,1.284105889499187469e-02,1.307703852653503418e-01,-1.236926689743995667e-01,1.714060753583908081e-01,-9.998640418052673340e-02,-4.366175457835197449e-02,-1.854929625988006592e-01,-8.882540278136730194e-03,2.156306058168411255e-02,-1.775628030300140381e-01,-1.091086491942405701e-01,-7.796748727560043335e-02,-2.965644560754299164e-02,-8.248517289757728577e-03,8.127410709857940674e-02,2.133523812517523766e-03,-8.273497223854064941e-02,-3.977952897548675537e-02,-1.129236593842506409e-01,-5.564752593636512756e-02,6.062950566411018372e-02,-9.778926521539688110e-02,1.361493319272994995e-01,7.817857712507247925e-02,-8.123744279146194458e-02,-5.402528867125511169e-02,-2.734697982668876648e-02,-1.867718696594238281e-01,8.367116749286651611e-02,-4.626232758164405823e-02,-7.764613628387451172e-02,1.077150851488113403e-01,1.216679215431213379e-01,-1.439132988452911377e-01,5.650080740451812744e-02,-6.453283876180648804e-02,5.563731864094734192e-02,1.035226061940193176e-01,2.986574918031692505e-02,-1.779605597257614136e-01,1.068078577518463135e-01,-1.991945132613182068e-02,1.524128168821334839e-01,-2.376574426889419556e-01,-7.621518522500991821e-02,-2.042112499475479126e-01,-2.719960212707519531e-01,-4.677273705601692200e-02,2.036550939083099365e-01,-1.150637790560722351e-01,7.038220018148422241e-02,-2.339332830160856247e-03,4.293766990303993225e-02,7.864474505186080933e-02,2.846744144335389137e-03,-1.198589429259300232e-01,-9.862178564071655273e-02,-2.571233920753002167e-02,-1.026533469557762146e-01,1.088425666093826294e-01,7.845380157232284546e-02,-2.528659403324127197e-01,-2.799621038138866425e-02,1.496455818414688110e-01,-4.573718458414077759e-02,-1.019583120942115784e-01,1.140083465725183487e-02,5.172974616289138794e-02,4.576937109231948853e-02,7.679585367441177368e-02,-1.023071184754371643e-01,1.304817348718643188e-01,-9.242004156112670898e-02,1.748799085617065430e-01,-4.829137027263641357e-02,1.207395792007446289e-01,1.762177944183349609e-01,-1.211355701088905334e-01,2.144205719232559204e-01,-8.576642721891403198e-02,5.202139727771282196e-03,-9.368506073951721191e-02,-2.540358603000640869e-01,8.199718594551086426e-02,-1.380230039358139038e-01,-2.095408737659454346e-02,-2.888840995728969574e-02,-2.715064911171793938e-03,4.455713927745819092e-02,1.427776813507080078e-01,-7.151376456022262573e-02,-2.165326327085494995e-01,1.348180919885635376e-01,-6.982990307733416557e-04,-1.321940124034881592e-02,-1.149889677762985229e-01,6.872992962598800659e-02,-1.525697410106658936e-01,6.723985075950622559e-02,-6.270313262939453125e-02,1.092043370008468628e-01,1.299938261508941650e-01,1.018615160137414932e-02,1.023932471871376038e-01,3.563697263598442078e-02,1.472146809101104736e-01,-8.759481459856033325e-02,1.993372738361358643e-01,2.865344583988189697e-01,-3.603196442127227783e-01,1.548022776842117310e-02,1.437666118144989014e-01,-2.190049737691879272e-01,-2.703699171543121338e-01,-6.701207254081964493e-03,-1.121966019272804260e-01,1.227743402123451233e-01,-7.350773364305496216e-02,2.402769923210144043e-01,1.179881989955902100e-01,7.217561453580856323e-02,-1.452294737100601196e-01,-2.249969244003295898e-01,1.470537576824426651e-02,-9.645915031433105469e-02,-3.528083562850952148e-01,-3.251011297106742859e-02,-1.128774285316467285e-01,1.450260579586029053e-01,5.720075219869613647e-02,1.590077430009841919e-01,2.548710629343986511e-02,9.726143325679004192e-04,7.362502813339233398e-02,-6.531186401844024658e-02,-6.121493875980377197e-02,5.206584930419921875e-03,-2.356251329183578491e-01,2.572066783905029297e-01,1.432483047246932983e-01,-1.695977747440338135e-01,-4.993735998868942261e-02,-3.656997159123420715e-02,-6.826530396938323975e-02,2.535664141178131104e-01,-1.161754224449396133e-02,8.758470416069030762e-03,-2.087871432304382324e-01,-3.658239543437957764e-01,-5.104526504874229431e-02,-4.044191241264343262e-01,7.112067937850952148e-02,1.283142417669296265e-01,2.220675200223922729e-01,5.113003030419349670e-02,7.014515995979309082e-02,5.275890976190567017e-02,-2.689692191779613495e-02,1.338061243295669556e-01,1.887046098709106445e-01,-7.541702687740325928e-02,-8.431850373744964600e-02,-1.451934874057769775e-01,1.222666874527931213e-01,1.020711064338684082e-01,1.343156099319458008e-01,-9.943369030952453613e-02,5.571273714303970337e-02,-9.620536118745803833e-02,1.764619606547057629e-03,-5.074287950992584229e-02,1.798980236053466797e-01,-1.451026052236557007e-01,-3.468840196728706360e-02,1.286805141717195511e-03,-6.252769380807876587e-02,-1.066199392080307007e-01,1.507959216833114624e-01,9.828357957303524017e-03,1.643580347299575806e-01,7.329360395669937134e-02,-1.013423949480056763e-01,1.466177254915237427e-01,1.317872852087020874e-01,-8.498363941907882690e-02,1.109503861516714096e-02,1.662552654743194580e-01,-6.956264376640319824e-03,-1.190755963325500488e-01,-2.238119393587112427e-02,-1.310960948467254639e-01,-3.697311505675315857e-02,1.960780322551727295e-01,2.173490971326828003e-01,3.594733476638793945e-01,9.380584210157394409e-02,1.223414614796638489e-01,-9.205339103937149048e-02,1.182656958699226379e-01,-1.401650607585906982e-01,-9.827757626771926880e-02,-7.309223711490631104e-02,2.008369415998458862e-01,-1.061329022049903870e-01,1.319995671510696411e-01,-1.811092197895050049e-01,-1.455710530281066895e-01,-6.352394819259643555e-02,1.501638889312744141e-01,-1.154693216085433960e-01,8.334040641784667969e-02,-9.904813021421432495e-02,2.887983620166778564e-02,2.409684360027313232e-01,-1.709457784891128540e-01,6.317705661058425903e-02,4.792962968349456787e-02,-1.398197561502456665e-01,8.462749421596527100e-02,6.997842341661453247e-02,7.945878058671951294e-02,-2.962546646595001221e-01,-1.178871989250183105e-01,2.170665413141250610e-01
-2.100274860858917236e-01,-4.147637784481048584e-01,-7.293543219566345215e-02,-1.616200506687164307e-01,1.250800639390945435e-01,1.830427795648574829e-01,1.241887733340263367e-01,-1.878177970647811890e-01,2.996481657028198242e-01,-2.342488169670104980e-01,-8.328411728143692017e-02,1.158825978636741638e-01,3.197330534458160400e-01,5.552221089601516724e-03,-1.645274907350540161e-01,-3.529438003897666931e-02,7.444558292627334595e-02,-7.945769280195236206e-02,6.150783598423004150e-02,1.630873605608940125e-02,1.853851675987243652e-01,6.256501376628875732e-02,5.938382819294929504e-02,-2.188197821378707886e-01,2.125035524368286133e-01,1.213113814592361450e-01,-4.376110155135393143e-03,4.297094047069549561e-02,2.090239673852920532e-01,-2.036870084702968597e-02,1.829435378313064575e-01,-1.851683408021926880e-01,-1.546720135957002640e-02,1.037226021289825439e-01,3.895276039838790894e-02,-8.897887170314788818e-02,4.332597926259040833e-02,4.885834455490112305e-02,2.268432378768920898e-01,7.239937316626310349e-03,9.614134207367897034e-03,1.061188206076622009e-01,6.064921990036964417e-02,-4.648945108056068420e-02,5.095397680997848511e-02,-3.888995945453643799e-02,-5.714022368192672729e-02,6.979863625019788742e-03,1.830080151557922363e-01,-1.797863468527793884e-02,1.375285387039184570e-01,5.403649434447288513e-02,1.453031599521636963e-01,-1.852107346057891846e-01,-1.992429047822952271e-02,-2.653927728533744812e-02,1.923470571637153625e-02,-1.857397705316543579e-01,9.027227759361267090e-02,4.926445335149765015e-02,1.161667108535766602e-01,-8.581252396106719971e-02,-1.293597221374511719e-01,8.536363020539283752e-03,-1.039403900504112244e-01,-1.955206096172332764e-01,-2.704842388629913330e-01,-4.040439426898956299e-01,3.000390231609344482e-01,-1.307800412178039551e-01,1.880509406328201294e-01,-1.765143126249313354e-01,-8.326521515846252441e-02,-7.444777339696884155e-02,-3.540457189083099365e-01,1.365047320723533630e-02,5.514748767018318176e-02,2.106978297233581543e-01,6.362112611532211304e-02,-3.957242518663406372e-02,1.526309102773666382e-01,1.992458291351795197e-02,-2.341153286397457123e-02,-3.144401013851165771e-01,4.888235777616500854e-02,5.897349491715431213e-02,1.234973371028900146e-01,-1.301955282688140869e-01,-8.540116995573043823e-02,-4.554626345634460449e-02,-6.468151230365037918e-03,-1.702704653143882751e-02,-1.215880457311868668e-02,8.487449586391448975e-02,1.882118433713912964e-01,-6.951940804719924927e-02,-7.077293843030929565e-02,-7.398238778114318848e-02,1.316899359226226807e-01,-7.878804951906204224e-02,4.747166484594345093e-02,-4.798021912574768066e-02,-2.344815619289875031e-02,7.784786075353622437e-02,8.419446647167205811e-02,-2.064931243658065796e-01,4.370480403304100037e-02,6.712852418422698975e-02,2.218083888292312622e-01,1.710643917322158813e-01,-7.545456290245056152e-02,-5.622984841465950012e-02,-4.770021513104438782e-02,-1.775036007165908813e-01,-4.914921149611473083e-02,-2.792616002261638641e-02,1.830455362796783447e-01,1.738677620887756348e-01,8.114506304264068604e-02,-4.598845914006233215e-02,4.526799544692039490e-02,-1.050642579793930054e-01,5.221540480852127075e-02,-3.097512200474739075e-02,-1.055439338088035583e-01,-1.657706350088119507e-01,3.323487564921379089e-02,1.729558780789375305e-02,-1.802880018949508667e-01,-2.937692999839782715e-01,-3.289605379104614258e-01,-2.534780502319335938e-01,-4.804250597953796387e-02,-2.134165167808532715e-01,1.140122190117835999e-01,-3.386292606592178345e-02,-1.719055026769638062e-01,4.524057358503341675e-02,-2.297301292419433594e-01,1.401575654745101929e-01,2.767294943332672119e-01,-8.787887543439865112e-02,-8.976498246192932129e-02,1.403132826089859009e-01,3.605656325817108154e-03,-9.406459331512451172e-02,-1.089751049876213074e-01,-5.856302380561828613e-01,7.091745268553495407e-03,2.447379752993583679e-02,-2.924294769763946533e-02,2.724689245223999023e-01,-2.834130227565765381e-01,-2.105664014816284180e-01,-1.704410016536712646e-01,4.962974414229393005e-02,1.062829419970512390e-01,-6.252393126487731934e-03,-7.467633485794067383e-02,8.013987541198730469e-02,2.514729276299476624e-02,1.115565095096826553e-02,1.241010054945945740e-01,-8.599214255809783936e-02,-1.618659496307373047e-02,8.632245659828186035e-02,-6.354542821645736694e-02,2.235642373561859131e-01,-1.261295974254608154e-01,-6.301294546574354172e-03,2.228436768054962158e-01,4.018494393676519394e-03,1.678320467472076416e-01,-2.217729091644287109e-01,6.034173443913459778e-02,-1.833777315914630890e-02,2.492543682456016541e-02,8.880039304494857788e-02,5.349155515432357788e-02,1.623045802116394043e-01,1.357296109199523926e-01,6.447568535804748535e-02,8.536881953477859497e-02,-2.789802849292755127e-02,7.651709765195846558e-02,1.595020480453968048e-02,6.500414013862609863e-02,-7.317827641963958740e-02,1.801499724388122559e-01,-1.805584132671356201e-01,-6.678480654954910278e-02,1.037282645702362061e-01,-2.933821976184844971e-01,-1.536591202020645142e-01,-2.214957028627395630e-01,-2.224664390087127686e-02,-6.669343262910842896e-02,1.051463410258293152e-01,-1.023801565170288086e-01,1.870806068181991577e-01,-1.693949103355407715e-01,2.589074671268463135e-01,-3.961193189024925232e-02,2.942767739295959473e-01,-2.351090759038925171e-01,3.625662252306938171e-02,-1.747907251119613647e-01,-4.711107537150382996e-02,-2.729599475860595703e-01,-1.224481090903282166e-01,-7.248917222023010254e-02,1.439945995807647705e-01,8.449445478618144989e-03,-2.011855598539113998e-03,7.751102559268474579e-03,8.176693320274353027e-02,-5.356383323669433594e-02,9.297037869691848755e-02,-9.942553192377090454e-02,9.898597747087478638e-02,-2.411764115095138550e-01,8.317640423774719238e-02,1.738015376031398773e-02,1.453241258859634399e-01,1.975153200328350067e-02,1.072985976934432983e-01,2.334925979375839233e-01,1.374156177043914795e-01,-1.763370819389820099e-02,1.888435147702693939e-02,-2.782611362636089325e-02,2.045611590147018433e-01,1.213262975215911865e-01,1.613416820764541626e-01,2.972377091646194458e-02,-3.297958895564079285e-02,1.199281066656112671e-01,1.451522856950759888e-01,1.025995984673500061e-02,-1.288425326347351074e-01,-1.989452540874481201e-02,1.661673635244369507e-01,-3.898269683122634888e-02,5.163713544607162476e-02,-2.959869615733623505e-02,1.879833824932575226e-02,-2.017905861139297485e-01,1.492876745760440826e-02,7.221743464469909668e-02,1.313911229372024536e-01,6.678780913352966309e-02,4.042058717459440231e-03,4.639653488993644714e-03,-7.621917128562927246e-02,1.213898211717605591e-01,-3.015964105725288391e-02
6.539614498615264893e-02,2.784770354628562927e-02,-2.905698493123054504e-03,-1.305258572101593018e-01,-2.272604405879974365e-02,-1.045242398977279663e-01,1.743215620517730713e-01,-1.861070841550827026e-01,4.461197927594184875e-02,-1.151207163929939270e-01,-8.895707130432128906e-02,-2.093407511711120605e-02,1.812951862812042236e-01,1.795237697660923004e-02,1.029592081904411316e-01,-1.375372111797332764e-01,1.216144487261772156e-01,5.059142410755157471e-02,-5.221509374678134918e-03,-7.471977733075618744e-04,-8.378715068101882935e-02,1.010031402111053467e-01,2.103247642517089844e-01,1.317591778934001923e-02,7.547600567340850830e-02,-1.477097123861312866e-01,-2.441260814666748047e-01,-2.111496776342391968e-01,1.621139794588088989e-01,1.781571507453918457e-01,2.518493533134460449e-01,-4.233115166425704956e-02,2.249260991811752319e-02,1.376883089542388916e-01,1.086339578032493591e-01,1.390655636787414551e-01,1.052001416683197021e-01,2.256865501403808594e-01,1.316766589879989624e-01,-1.018999367952346802e-01,1.622751951217651367e-01,-2.674309536814689636e-02,8.056722581386566162e-02,-1.806923449039459229e-01,-1.422885060310363770e-01,1.981623321771621704e-01,2.731392979621887207e-01,-1.279097795486450195e-01,-1.741435080766677856e-01,1.551028937101364136e-01,5.591466277837753296e-02,-1.000633686780929565e-01,-2.051326818764209747e-02,2.424625307321548462e-02,8.280027657747268677e-02,-6.212534382939338684e-02,8.174365758895874023e-02,1.039573922753334045e-02,1.416226476430892944e-01,2.963294088840484619e-02,2.165220864117145538e-02,-2.911509573459625244e-01,-5.000005289912223816e-02,-6.037828698754310608e-02,-1.552023440599441528e-01,-6.355582177639007568e-02,-6.705166399478912354e-02,1.455245167016983032e-01,-9.701337665319442749e-02,-3.351742923259735107e-01,1.191151365637779236e-01,1.572114676237106323e-01,-4.760534167289733887e-01,-2.285522073507308960e-01,-2.103912532329559326e-01,7.295568287372589111e-02,-2.889123186469078064e-02,2.638412415981292725e-01,-1.930641382932662964e-01,-9.935207664966583252e-02,-1.576253622770309448e-01,8.770015090703964233e-02,-4.402619227766990662e-02,-1.368314027786254883e-01,-2.243086993694305420e-01,-1.646687090396881104e-01,-2.367728017270565033e-02,3.468316793441772461e-01,-2.431336790323257446e-02,-3.446393460035324097e-02,-7.480265945196151733e-02,-1.789650507271289825e-02,-2.576513290405273438e-01,3.646730259060859680e-02,-1.215488091111183167e-01,-3.095744736492633820e-02,8.907184749841690063e-02,2.445826232433319092e-01,-1.687510013580322266e-01,2.864819392561912537e-02,-1.280026733875274658e-01,-1.558347642421722412e-01,1.616294234991073608e-01,1.110192537307739258e-01,-1.405965443700551987e-02,1.323378086090087891e-02,-3.472888842225074768e-02,1.811763085424900055e-02,2.281155064702033997e-02,8.558611571788787842e-02,-7.684665173292160034e-02,-1.418715119361877441e-01,6.496317684650421143e-02,2.093134075403213501e-01,8.519437909126281738e-02,-8.236744906753301620e-04,-4.102892056107521057e-02,-8.885089308023452759e-02,-8.113820850849151611e-02,3.070560051128268242e-03,5.954664945602416992e-02,-1.499883830547332764e-01,-7.119568437337875366e-02,-8.999434113502502441e-02,-4.375646263360977173e-02,2.075083553791046143e-01,-9.959799796342849731e-02,-1.707848757505416870e-01,-9.287305176258087158e-02,8.231817744672298431e-03,-4.423997551202774048e-02,1.833384037017822266e-01,-5.651593208312988281e-02,-2.811502516269683838e-01,-1.301633417606353760e-01,1.021288558840751648e-01,1.134823337197303772e-01,-2.526504695415496826e-01,1.074190810322761536e-01,-9.509375086054205894e-04,-1.670003831386566162e-01,1.743238419294357300e-01,8.836912363767623901e-02,-1.372336149215698242e-01,5.420688539743423462e-02,4.965641070157289505e-03,2.533133327960968018e-01,6.205464527010917664e-02,1.143307611346244812e-01,-4.374425485730171204e-02,-3.339046239852905273e-02,2.480566650629043579e-01,6.105204671621322632e-02,3.309319168329238892e-02,4.318108037114143372e-02,6.158265843987464905e-02,-1.168821156024932861e-01,1.109505221247673035e-01,1.995187252759933472e-01,3.021067678928375244e-01,-1.754937320947647095e-02,1.617905125021934509e-02,5.812406912446022034e-02,5.190204456448554993e-02,-8.096054941415786743e-02,1.962676793336868286e-01,2.643237821757793427e-03,2.429554164409637451e-01,-5.420791357755661011e-02,6.290395557880401611e-02,1.748792454600334167e-02,-6.109537556767463684e-02,-1.363307144492864609e-02,-7.570641173515468836e-05,6.818427145481109619e-02,6.448098272085189819e-02,-1.903044730424880981e-01,-3.270796686410903931e-02,4.093648400157690048e-03,-8.610271662473678589e-02,7.599679380655288696e-02,8.978557586669921875e-02,5.110831186175346375e-02,-7.344353944063186646e-02,4.850482568144798279e-03,1.045450791716575623e-01,-1.149454787373542786e-01,-3.249414637684822083e-02,1.198470070958137512e-01,8.737315237522125244e-02,5.333817750215530396e-02,-6.419719755649566650e-02,1.704831123352050781e-01,-2.689445018768310547e-02,1.625833809375762939e-01,-9.253174811601638794e-02,2.121710218489170074e-02,6.455180794000625610e-02,-2.005183137953281403e-02,-9.168951213359832764e-02,-8.773044496774673462e-02,-1.291428576223552227e-03,2.519848756492137909e-02,-1.260821223258972168e-01,-1.350173074752092361e-02,1.913959346711635590e-02,-5.034109577536582947e-02,-2.057027816772460938e-02,1.312052458524703979e-01,3.508357331156730652e-02,7.494547963142395020e-02,-1.555697619915008545e-01,-1.429193168878555298e-01,3.323260322213172913e-02,8.490680158138275146e-02,-2.396463304758071899e-01,-8.040196262300014496e-03,4.521663114428520203e-02,-8.206592500209808350e-02,1.202127337455749512e-01,5.367379635572433472e-02,5.332886055111885071e-02,7.067092508077621460e-02,-1.627384684979915619e-02,-2.393331676721572876e-01,-1.815500557422637939e-01,-6.042204424738883972e-02,9.318725019693374634e-02,-7.513554394245147705e-02,2.072839438915252686e-01,6.160848215222358704e-02,1.052314415574073792e-01,1.584625691175460815e-01,1.632956564426422119e-01,-6.063505262136459351e-02,-8.326585590839385986e-02,-2.349335700273513794e-02,5.198722705245018005e-02,1.068315282464027405e-01,5.674764513969421387e-02,2.190929092466831207e-02,-2.075180858373641968e-01,2.431113868951797485e-01,-7.658562064170837402e-02,2.336472272872924805e-01,1.737281829118728638e-01,1.358019709587097168e-01,1.182927191257476807e-01,1.442743241786956787e-01,1.605719774961471558e-01,-1.090302839875221252e-01,1.623464226722717285e-01,1.108429729938507080e-01,-5.417130887508392334e-02,-3.971326723694801331e-02,2.105889767408370972e-01
3.441399335861206055e-02,4.200099110603332520e-01,9.115564078092575073e-02,8.149815350770950317e-02,-2.518209517002105713e-01,-2.491229027509689331e-01,-4.933185875415802002e-01,-4.105103015899658203e-02,-1.174656003713607788e-01,-8.594249933958053589e-02,-9.668900072574615479e-02,-2.142356187105178833e-01,-2.295803427696228027e-01,-1.524254083633422852e-01,-2.176275104284286499e-01,-1.290168315172195435e-01,9.624126553535461426e-02,1.137691587209701538e-01,1.579840630292892456e-01,8.714844286441802979e-02,-1.821560263633728027e-01,-4.710002988576889038e-02,-9.936196357011795044e-02,1.296027302742004395e-01,-1.958875209093093872e-01,2.391732484102249146e-01,1.196035742759704590e-01,-1.465003192424774170e-01,1.258961707353591919e-01,-1.024404689669609070e-01,-4.046289250254631042e-02,1.867782697081565857e-02,-1.013667955994606018e-01,2.270750999450683594e-01,-1.707182824611663818e-01,1.128793060779571533e-01,-3.008328378200531006e-01,-9.046049416065216064e-02,-9.613013826310634613e-03,9.974468499422073364e-02,-8.410753309726715088e-02,1.534533202648162842e-01,7.734546810388565063e-02,4.186102654784917831e-03,1.538072228431701660e-01,7.337751239538192749e-02,-1.363354325294494629e-01,5.576854944229125977e-02,1.596026569604873657e-01,-2.911237776279449463e-01,1.067992895841598511e-01,1.577603965997695923e-01,-2.670525312423706055e-01,6.049172207713127136e-02,-5.118281021714210510e-02,1.352900825440883636e-02,2.892436981201171875e-01,4.529597237706184387e-02,-8.944299072027206421e-02,9.870963543653488159e-02,6.852348148822784424e-02,3.347207233309745789e-02,-1.777393184602260590e-02,8.305346220731735229e-02,6.250569224357604980e-02,5.055837705731391907e-02,2.434314340353012085e-01,1.470051854848861694e-01,-3.049305379390716553e-01,-2.294787168502807617e-01,-3.086095452308654785e-01,-1.606367081403732300e-01,8.831761032342910767e-02,1.720040291547775269e-02,1.954823136329650879e-01,-3.588378801941871643e-02,-2.263755351305007935e-01,-1.043759938329458237e-02,-1.208579614758491516e-01,-9.205853939056396484e-02,1.562256924808025360e-02,-3.187879920005798340e-02,1.595151126384735107e-01,-1.023812144994735718e-01,-1.990991532802581787e-01,-3.239036202430725098e-01,-3.233669325709342957e-02,-9.598182886838912964e-02,1.326108276844024658e-01,1.971611380577087402e-02,1.607300341129302979e-01,-1.152679324150085449e-01,1.371749341487884521e-01,9.291194379329681396e-02,-1.512373685836791992e-01,1.850682497024536133e-01,-1.350463628768920898e-01,-4.796428233385086060e-02,-5.506436899304389954e-02,3.681202605366706848e-02,6.445054709911346436e-02,1.423674672842025757e-01,-5.129652842879295349e-02,1.547546125948429108e-02,1.548830419778823853e-01,-1.388513892889022827e-01,-2.249710559844970703e-01,2.030958048999309540e-02,-6.997374445199966431e-02,1.444362550973892212e-01,-1.732566356658935547e-01,2.411164045333862305e-01,-8.931939490139484406e-03,-6.681039184331893921e-02,7.438982278108596802e-02,-1.509393006563186646e-01,4.772642254829406738e-02,1.556089073419570923e-01,1.084341928362846375e-01,9.165044128894805908e-02,4.810322076082229614e-02,-3.637956082820892334e-02,-2.493764832615852356e-02,1.821084171533584595e-01,-1.398257017135620117e-01,-2.602373063564300537e-01,-2.117649838328361511e-02,2.690139114856719971e-01,1.913071274757385254e-01,-9.402333199977874756e-02,1.826409101486206055e-01,2.365676872432231903e-02,-4.644352197647094727e-01,-4.289014637470245361e-02,-2.631274461746215820e-01,-2.257882505655288696e-01,1.019203811883926392e-01,7.236424135044217110e-04,1.915042996406555176e-01,-3.969077393412590027e-02,3.464953005313873291e-01,-2.437072433531284332e-02,-1.285038739442825317e-01,-1.986814104020595551e-02,-7.060240954160690308e-03,-1.509515047073364258e-01,-2.340917736291885376e-01,-2.052093110978603363e-02,-9.797321259975433350e-02,-1.071627140045166016e-01,-3.298436701297760010e-01,-1.498807966709136963e-01,1.930559752508997917e-03,-9.172426536679267883e-03,3.937006741762161255e-02,3.224498406052589417e-02,1.724126338958740234e-01,-1.878859549760818481e-01,-8.763602375984191895e-02,3.500964120030403137e-02,-1.234913319349288940e-01,-1.139060780405998230e-01,-2.111974954605102539e-01,6.979181617498397827e-02,-6.717279902659356594e-04,-4.604713991284370422e-02,-8.190972357988357544e-02,3.103803377598524094e-03,3.942711278796195984e-02,6.928161531686782837e-02,-2.214350402355194092e-01,1.057140827178955078e-01,-4.280942305922508240e-02,-2.077886760234832764e-01,-8.084016293287277222e-02,6.468158960342407227e-02,-1.834015846252441406e-01,-5.907098762691020966e-03,3.305862843990325928e-02,-8.666164241731166840e-03,8.019679784774780273e-02,-5.442555528134107590e-03,-7.713171839714050293e-02,-1.294225640594959259e-02,6.537427753210067749e-02,-1.015591025352478027e-01,1.907139644026756287e-02,7.386145740747451782e-02,-8.238184452056884766e-02,-4.185606539249420166e-02,1.382748037576675415e-01,1.526322662830352783e-01,-2.111474983394145966e-02,-3.201148211956024170e-01,2.494616247713565826e-02,-2.263620197772979736e-01,-4.558181681204587221e-04,2.854426205158233643e-02,7.516913115978240967e-03,-1.917586028575897217e-01,-2.640596032142639160e-02,2.545840740203857422e-01,2.486279606819152832e-01,-6.568035576492547989e-03,1.367523372173309326e-01,-2.633169591426849365e-01,-2.311343513429164886e-02,-8.278693258762359619e-02,1.239112913608551025e-01,-8.274650573730468750e-02,-1.382099986076354980e-01,2.268154770135879517e-01,4.756454005837440491e-02,4.845149815082550049e-02,-7.458005845546722412e-02,1.054740920662879944e-01,-1.446013059467077255e-02,-1.504668742418289185e-01,6.355237215757369995e-02,6.959509104490280151e-02,-1.623310334980487823e-02,6.505081057548522949e-02,-2.126430347561836243e-02,8.695350587368011475e-02,-5.155085399746894836e-02,1.811453253030776978e-01,-3.567505776882171631e-01,6.378118693828582764e-02,4.545749723911285400e-02,-1.260992232710123062e-02,1.115895509719848633e-01,5.185663700103759766e-02,-1.497874706983566284e-01,2.314133942127227783e-01,-4.257884621620178223e-01,-1.243045832961797714e-02,-1.284828633069992065e-01,-1.177067533135414124e-01,3.777257353067398071e-02,7.644239813089370728e-02,4.528706893324851990e-02,3.873982653021812439e-02,-2.335383296012878418e-01,1.294715702533721924e-01,2.224328666925430298e-01,-1.993236094713211060e-01,-9.187470190227031708e-03,-3.474305942654609680e-02,-6.188166141510009766e-02,1.110098883509635925e-01,-3.987083584070205688e-02,6.330218166112899780e-02,5.299651250243186951e-02,1.508439034223556519e-01,1.118431985378265381e-01,1.787911169230937958e-02
-7.581296563148498535e-02,-1.576969921588897705e-01,1.729584299027919769e-02,-1.218923702836036682e-01,-8.127397298812866211e-02,-5.257824808359146118e-02,-3.480485826730728149e-02,2.898675948381423950e-02,8.472602814435958862e-02,-3.971513733267784119e-02,3.375428169965744019e-02,-7.458129525184631348e-02,8.678809553384780884e-02,-2.517706155776977539e-02,-8.026641607284545898e-02,-1.013543233275413513e-01,-1.006660088896751404e-01,-6.066012009978294373e-02,6.036993861198425293e-02,5.074691399931907654e-02,-4.121319204568862915e-02,-1.591105610132217407e-01,-1.062416136264801025e-01,-5.243192613124847412e-02,-1.861781254410743713e-02,-8.086702972650527954e-02,-1.046305149793624878e-01,-1.113731227815151215e-02,-2.813870646059513092e-02,-8.991384506225585938e-02,-1.292131841182708740e-01,-1.825540140271186829e-02,-7.390684634447097778e-02,-4.370867088437080383e-02,-1.446859631687402725e-02,-1.553250998258590698e-01,7.182081043720245361e-02,-6.304108351469039917e-02,-5.039706826210021973e-02,5.488939955830574036e-02,-2.377202035859227180e-03,-3.187740966677665710e-02,-1.446222364902496338e-01,-1.390748769044876099e-01,-2.136133989552035928e-04,-2.508631721138954163e-02,-5.591988936066627502e-02,3.260037675499916077e-02,-7.237962633371353149e-02,4.731190204620361328e-02,7.020678371191024780e-02,-7.083874940872192383e-02,3.163935244083404541e-02,2.717043459415435791e-02,9.481263160705566406e-02,6.327493488788604736e-02,2.218578942120075226e-02,-3.053952939808368683e-02,2.256214793305844069e-04,3.361373767256736755e-02,-1.484641153365373611e-02,-6.762770563364028931e-02,1.006090417504310608e-01,-3.927324339747428894e-02,-1.214522123336791992e-01,-1.476163566112518311e-01,-2.612891979515552521e-02,1.265595108270645142e-02,-5.457437038421630859e-02,-1.171743944287300110e-01,1.349866762757301331e-02,-8.206616342067718506e-02,-5.044903606176376343e-02,-1.069059371948242188e-01,-3.833761066198348999e-02,-7.463063299655914307e-02,7.320012152194976807e-02,-4.075540602207183838e-02,1.221809536218643188e-02,1.570876501500606537e-02,-9.934172779321670532e-02,-5.093870311975479126e-02,-7.516473531723022461e-02,7.934571802616119385e-02,-4.988702014088630676e-02,9.444094449281692505e-02,-3.648099675774574280e-02,3.038204088807106018e-02,-3.962111100554466248e-02,-1.246415898203849792e-01,-4.150433465838432312e-03,-1.417576372623443604e-01,2.000064030289649963e-02,-4.739722609519958496e-02,-4.115556925535202026e-02,-1.190572008490562439e-01,4.037316516041755676e-02,-1.278000324964523315e-01,6.195479631423950195e-02,-6.102909892797470093e-02,-1.135260611772537231e-01,-3.771621733903884888e-02,-1.514867395162582397e-01,-9.042093157768249512e-02,9.627979993820190430e-02,7.068849354982376099e-02,4.573761671781539917e-02,6.774417310953140259e-02,2.400872297585010529e-02,6.839399575255811214e-04,9.290616214275360107e-02,1.775698619894683361e-03,-1.181813701987266541e-01,5.186605267226696014e-03,-2.973213978111743927e-02,2.563440799713134766e-02,-7.775169610977172852e-02,-4.445993900299072266e-02,-1.087958216667175293e-01,-6.350781023502349854e-02,-5.928125977516174316e-02,-7.065716199576854706e-03,2.940432354807853699e-02,-1.542758196592330933e-01,-3.915582597255706787e-02,-6.706518679857254028e-02,5.055407062172889709e-02,-9.084635972976684570e-02,5.889559164643287659e-03,-6.432957947254180908e-02,-1.242549419403076172e-01,5.461119860410690308e-02,8.257826417684555054e-02,-1.239477023482322693e-01,-3.352545201778411865e-02,-4.985819756984710693e-02,3.055948577821254730e-02,-2.486462704837322235e-02,-1.958350185304880142e-03,1.985998079180717468e-02,-5.677537247538566589e-02,-1.136318147182464600e-01,1.468149479478597641e-02,-5.631488282233476639e-03,-6.272651255130767822e-02,8.986440300941467285e-02,1.884916611015796661e-02,-7.396108657121658325e-02,-8.622455596923828125e-02,-9.151370264589786530e-03,-2.139139175415039062e-02,-1.560828536748886108e-01,3.758714348077774048e-02,6.791327893733978271e-02,-9.329371899366378784e-02,-5.150109156966209412e-02,-1.136553734540939331e-01,-2.675815299153327942e-02,-7.834184914827346802e-02,-2.125396579504013062e-02,-7.289022207260131836e-02,-5.165859684348106384e-02,1.010346114635467529e-01,-1.046026647090911865e-01,-5.017407983541488647e-02,-6.985735148191452026e-02,-1.150823384523391724e-01,4.863426461815834045e-02,-3.629865497350692749e-02,5.240195244550704956e-02,-7.311956956982612610e-03,-1.151751819998025894e-02,-9.197992831468582153e-02,-1.439505815505981445e-01,-1.474331468343734741e-01,5.866018310189247131e-02,3.735165297985076904e-02,8.895213156938552856e-02,-8.665098994970321655e-02,4.303089156746864319e-02,8.441939949989318848e-02,-1.909745275042951107e-03,-1.515678018331527710e-01,-1.228397525846958160e-02,5.960442498326301575e-02,-1.740954071283340454e-01,-1.324104666709899902e-01,-1.280987709760665894e-01,-9.231897443532943726e-02,8.949206769466400146e-02,-4.116152878850698471e-03,-9.767826646566390991e-02,6.067645922303199768e-02,-4.202395677566528320e-02,6.804991513490676880e-02,5.746929906308650970e-03,-1.207331102341413498e-02,-1.359779536724090576e-01,-1.319624204188585281e-02,-1.319154500961303711e-01,-9.504663199186325073e-02,-5.581697076559066772e-02,9.240599721670150757e-02,-1.614314615726470947e-01,4.587996751070022583e-02,1.157037448137998581e-02,-1.259055882692337036e-01,-1.300890464335680008e-02,-9.823773056268692017e-02,-6.490263342857360840e-02,4.215091466903686523e-02,1.858889684081077576e-02,6.080563366413116455e-02,-6.915185600519180298e-02,-3.829025104641914368e-02,-1.419544517993927002e-01,-6.935954093933105469e-02,-2.536017075181007385e-02,-1.853733509778976440e-02,4.489564150571823120e-02,4.860260337591171265e-02,-7.695354055613279343e-03,-6.616348028182983398e-02,-1.310358941555023193e-01,-6.589537113904953003e-02,-1.109765321016311646e-01,4.976033791899681091e-02,-3.960321098566055298e-02,-2.069557644426822662e-02,-1.270723491907119751e-01,2.537438273429870605e-02,1.495180558413267136e-02,-8.821849524974822998e-02,-6.957309693098068237e-02,-1.164849698543548584e-01,1.281384285539388657e-02,7.913842797279357910e-02,-5.962242931127548218e-02,3.858469426631927490e-02,1.051356494426727295e-01,-1.075072214007377625e-01,-1.153976321220397949e-01,8.008285611867904663e-02,-2.650372311472892761e-02,-4.047981649637222290e-02,-6.167679280042648315e-02,-4.910939186811447144e-02,-6.170235946774482727e-02,-8.514155447483062744e-02,-1.351270675659179688e-01,-6.181285250931978226e-03,-1.661737821996212006e-02,-8.886678516864776611e-02,-2.005574293434619904e-02,-7.265196740627288818e-02,-7.340074516832828522e-03
-5.405977740883827209e-02,2.103055119514465332e-01,-6.470666825771331787e-02,-8.176262490451335907e-04,4.688868299126625061e-02,-1.473919674754142761e-02,1.983495056629180908e-01,7.115555554628372192e-02,-1.172892376780509949e-02,-3.068458661437034607e-02,-1.121717318892478943e-01,1.113106384873390198e-01,1.375742256641387939e-01,-8.724691718816757202e-02,2.305155396461486816e-01,-6.400848925113677979e-02,-2.376893907785415649e-02,-1.312342733144760132e-01,-2.242717593908309937e-01,1.056947372853755951e-02,-5.376588553190231323e-02,1.709037274122238159e-01,3.810969414189457893e-03,-1.338427364826202393e-01,-2.032909914851188660e-02,8.163372427225112915e-02,5.982093885540962219e-02,8.974279277026653290e-03,6.690252572298049927e-02,8.426178991794586182e-02,1.564974635839462280e-01,1.366277933120727539e-01,-2.489833384752273560e-01,-2.218409031629562378e-01,-3.789836540818214417e-02,3.539469838142395020e-02,9.556620568037033081e-02,2.354913800954818726e-01,1.476354300975799561e-01,9.976304136216640472e-03,8.572120219469070435e-02,2.318820916116237640e-02,-5.318154767155647278e-02,5.619037896394729614e-02,-1.128479018807411194e-01,-1.008368730545043945e-01,-2.320388406515121460e-01,-8.065471053123474121e-02,-1.428860127925872803e-01,-1.380435675382614136e-01,9.247310459613800049e-02,-5.454785004258155823e-02,-7.923992723226547241e-02,6.327367573976516724e-02,-2.693245187401771545e-03,1.029469817876815796e-02,1.562148779630661011e-01,1.269485056400299072e-01,9.631450474262237549e-02,1.383525133132934570e-01,1.721611171960830688e-01,-2.534441947937011719e-01,-1.918190121650695801e-01,-7.640423625707626343e-02,-8.620523661375045776e-02,7.076544314622879028e-02,-1.593004725873470306e-02,-4.148184508085250854e-02,2.375284284353256226e-01,-8.127806335687637329e-02,5.139156430959701538e-02,6.521254032850265503e-02,-1.844424903392791748e-01,-2.812444977462291718e-02,-1.558494269847869873e-01,7.170657068490982056e-02,6.318592280149459839e-02,-4.191822186112403870e-02,2.334171533584594727e-01,-3.938215225934982300e-02,-1.719268709421157837e-01,-6.844915449619293213e-02,-4.046716913580894470e-02,-7.919166982173919678e-02,-1.695311442017555237e-02,3.527560457587242126e-02,9.158855676651000977e-02,8.337608724832534790e-02,-1.942327991127967834e-02,-2.610237337648868561e-02,-5.723483487963676453e-02,1.129215657711029053e-01,-5.755629017949104309e-02,-3.650808334350585938e-02,1.013401448726654053e-01,9.365607984364032745e-03,5.324019491672515869e-02,-8.175311237573623657e-02,-8.744145929813385010e-02,1.040092706680297852e-01,5.460403114557266235e-02,-1.515197008848190308e-01,1.144957169890403748e-01,8.991397172212600708e-02,1.122991442680358887e-01,1.627390831708908081e-01,6.890298426151275635e-02,-5.299641191959381104e-02,-2.660415135324001312e-02,-5.295930430293083191e-02,-2.536995112895965576e-01,1.383140683174133301e-01,2.217277884483337402e-01,1.078874617815017700e-01,3.788404166698455811e-02,2.387718483805656433e-02,1.008617803454399109e-01,-1.350045204162597656e-01,-1.499602794647216797e-01,-1.353366523981094360e-01,-2.901167981326580048e-02,8.598308265209197998e-02,2.495056949555873871e-02,8.471412956714630127e-02,-9.095722436904907227e-02,3.221393562853336334e-03,-2.010340392589569092e-01,-1.246906742453575134e-01,1.505764899775385857e-03,2.726650238037109375e-01,-2.956157326698303223e-01,1.793280690908432007e-01,-1.039654761552810669e-01,-2.776975631713867188e-01,5.917625874280929565e-02,-3.114457242190837860e-02,9.774030745029449463e-02,-1.304027140140533447e-01,2.435545176267623901e-01,6.898766010999679565e-02,-3.322895467281341553e-01,2.669396698474884033e-01,2.192866243422031403e-02,-2.331922948360443115e-01,-2.538182139396667480e-01,-4.111292958259582520e-02,-5.612943693995475769e-02,1.679092794656753540e-01,-7.724429666996002197e-02,-4.959465563297271729e-02,-9.621120989322662354e-02,1.034427210688591003e-01,6.310836970806121826e-02,-5.728803947567939758e-02,-7.982756197452545166e-02,-1.342207938432693481e-01,-3.910961374640464783e-02,-6.600892636924982071e-03,1.687517762184143066e-01,8.901099115610122681e-02,2.219474464654922485e-01,2.633524313569068909e-02,1.186887249350547791e-01,3.234370052814483643e-02,8.430081605911254883e-02,5.687684193253517151e-02,6.375436484813690186e-02,2.130901813507080078e-01,1.874030195176601410e-02,-3.369654342532157898e-02,-7.774874567985534668e-02,5.251747369766235352e-02,-2.074893265962600708e-01,8.750877529382705688e-02,2.869880758225917816e-03,-9.400463663041591644e-03,1.061284989118576050e-01,1.525992061942815781e-02,4.932520538568496704e-02,2.455662637948989868e-01,3.151581585407257080e-01,1.013145688921213150e-02,-5.472170654684305191e-03,1.248538419604301453e-01,-1.957541108131408691e-01,-4.368264973163604736e-02,-1.693898439407348633e-02,9.716722369194030762e-02,-2.306158095598220825e-01,-8.135884255170822144e-02,5.999784916639328003e-02,1.361986100673675537e-01,2.818252146244049072e-01,-8.810935169458389282e-02,6.029501184821128845e-02,-1.702458038926124573e-02,-9.906724095344543457e-02,-7.040339708328247070e-02,1.124785188585519791e-02,-9.821669757366180420e-02,-6.578221917152404785e-02,-3.552746772766113281e-01,-1.782565265893936157e-01,-6.035592406988143921e-02,-8.691725879907608032e-02,1.106975004076957703e-01,1.059037595987319946e-01,1.361768459901213646e-03,-3.887021914124488831e-02,-8.374083787202835083e-02,6.758475303649902344e-02,2.469724602997303009e-02,-8.511973917484283447e-02,-1.432209759950637817e-01,-6.454450637102127075e-02,-1.165301054716110229e-01,7.240821141749620438e-03,-7.470520585775375366e-02,-1.504793670028448105e-02,-1.954461820423603058e-02,-1.424859464168548584e-01,1.947248280048370361e-01,1.539981365203857422e-01,-3.577767312526702881e-02,1.194612309336662292e-01,-1.267138421535491943e-01,2.018247395753860474e-01,-2.926442623138427734e-01,-3.191890940070152283e-02,-9.228477254509925842e-03,-1.182876825332641602e-01,-9.135070443153381348e-02,8.945986628532409668e-02,-1.581012755632400513e-01,5.346696823835372925e-03,-2.134424820542335510e-02,-1.548665612936019897e-01,-4.496467765420675278e-03,8.035607635974884033e-03,4.348048008978366852e-03,-5.050982162356376648e-02,-7.048904150724411011e-02,-1.827850006520748138e-02,-2.291659414768218994e-01,-1.636875420808792114e-02,1.091152355074882507e-01,8.622277528047561646e-03,8.333499729633331299e-02,1.897023618221282959e-01,-1.917200237512588501e-01,-1.891571283340454102e-01,4.488971829414367676e-02,9.734845906496047974e-02,-6.123200431466102600e-02,1.546503901481628418e-01,-2.974453940987586975e-02
9.912306815385818481e-02,1.426698267459869385e-01,-7.010982185602188110e-02,1.589316576719284058e-01,-8.296170085668563843e-02,-8.618466556072235107e-02,-6.458993256092071533e-02,-1.640063226222991943e-01,-1.665087789297103882e-02,-4.260363429784774780e-02,5.147144943475723267e-02,4.206359386444091797e-02,-1.167833432555198669e-01,1.169810816645622253e-01,1.202587634325027466e-01,7.859026640653610229e-02,1.756343692541122437e-01,-3.293443098664283752e-02,-2.163996845483779907e-01,5.657564476132392883e-02,1.125670503824949265e-02,1.223205551505088806e-01,-4.024104215204715729e-03,-4.041000455617904663e-02,-6.965222954750061035e-02,-1.204722672700881958e-01,-6.133688986301422119e-02,1.872036010026931763e-01,-4.961448907852172852e-02,1.574379950761795044e-01,-7.003093510866165161e-02,-6.201043352484703064e-02,-1.143105402588844299e-01,5.779436603188514709e-02,-1.781864762306213379e-01,1.947847753763198853e-02,-3.739705681800842285e-02,-1.028343290090560913e-01,-1.705099791288375854e-01,-2.596607431769371033e-02,2.471213191747665405e-01,-5.180647969245910645e-02,-1.479752957820892334e-01,1.286734789609909058e-01,9.966528415679931641e-02,6.700817495584487915e-02,-1.252098679542541504e-01,-1.377627849578857422e-01,-4.356866478919982910e-01,-2.258817851543426514e-01,-3.441903740167617798e-02,-2.868876457214355469e-01,1.329805981367826462e-02,1.642687804996967316e-02,3.169138729572296143e-02,3.686446323990821838e-02,2.594345808029174805e-01,-4.816705733537673950e-02,-1.714684069156646729e-01,-4.305322468280792236e-02,7.713350653648376465e-02,-4.132270514965057373e-01,-1.566374748945236206e-01,1.430729683488607407e-02,-5.822414904832839966e-02,3.706565126776695251e-02,5.695850402116775513e-02,-9.124509990215301514e-02,5.870673805475234985e-02,8.364979177713394165e-02,1.440985649824142456e-01,1.493124961853027344e-01,-1.610616035759449005e-02,-3.988796100020408630e-02,-1.356055145151913166e-03,1.830364465713500977e-01,-1.613729596138000488e-01,-9.274315088987350464e-02,-4.582972079515457153e-02,2.200437188148498535e-01,1.004919782280921936e-01,-9.611296653747558594e-02,2.676170319318771362e-03,-1.494052559137344360e-01,1.675540208816528320e-01,1.008969917893409729e-01,1.408137977123260498e-01,5.512534081935882568e-02,-1.253994405269622803e-01,1.839443147182464600e-01,1.103416830301284790e-02,-1.289330571889877319e-01,-1.784215681254863739e-02,-1.889529079198837280e-01,-2.888368368148803711e-01,6.678768433630466461e-03,-1.777183264493942261e-01,1.442705988883972168e-01,-5.953771248459815979e-02,8.668849617242813110e-02,-1.503657829016447067e-02,2.632131800055503845e-02,5.598678067326545715e-02,4.373469948768615723e-02,1.616745144128799438e-01,-3.843841329216957092e-02,-1.887034177780151367e-01,-1.577916294336318970e-01,5.377060920000076294e-02,1.335506290197372437e-01,-8.833630383014678955e-02,-1.040014624595642090e-01,-1.737916320562362671e-01,5.567497108131647110e-03,1.828921735286712646e-01,-7.041977345943450928e-02,-9.036901593208312988e-02,-1.624019742012023926e-01,-2.818734757602214813e-02,1.966056525707244873e-01,2.081020362675189972e-02,-2.342990040779113770e-02,-4.010672494769096375e-02,-3.818636760115623474e-02,5.159764364361763000e-02,2.316841855645179749e-02,-1.028191391378641129e-02,-1.213178262114524841e-01,8.562310039997100830e-02,1.454352214932441711e-02,6.242955103516578674e-02,2.700844407081604004e-01,-1.832748651504516602e-01,-2.559072524309158325e-02,-1.126562654972076416e-01,9.854327142238616943e-02,2.887458503246307373e-01,-2.606408298015594482e-01,7.663835585117340088e-02,-3.032648004591464996e-02,-1.645721495151519775e-01,1.613496541976928711e-01,-2.114882469177246094e-01,-5.847983434796333313e-02,9.253460913896560669e-03,1.183330193161964417e-01,9.789322316646575928e-02,2.168729454278945923e-01,1.391299366950988770e-01,6.106466054916381836e-02,-6.205357983708381653e-02,1.518369615077972412e-01,-4.677697643637657166e-02,2.372954785823822021e-01,1.931891739368438721e-01,8.573859930038452148e-03,-1.461642086505889893e-01,8.830489218235015869e-02,2.241686433553695679e-01,-5.882329493761062622e-02,-5.022043362259864807e-02,9.664705395698547363e-02,-1.623665392398834229e-01,1.059031635522842407e-01,-1.240171492099761963e-01,-2.067179605364799500e-02,1.071210801601409912e-01,1.048164442181587219e-02,1.420947462320327759e-01,2.444035746157169342e-02,-5.353840440511703491e-02,1.322842855006456375e-02,-1.160218864679336548e-01,-3.635546937584877014e-02,-5.289227515459060669e-02,-1.550380885601043701e-01,-1.903469711542129517e-01,-1.001185402274131775e-01,-2.201064079999923706e-01,5.208130180835723877e-02,5.259854719042778015e-03,-9.001628309488296509e-02,6.564775109291076660e-02,-4.261849820613861084e-02,-6.774903088808059692e-02,-8.642384409904479980e-02,-1.080350652337074280e-01,2.323460131883621216e-01,-3.210513293743133545e-02,1.060614809393882751e-01,4.809427261352539062e-02,4.292584583163261414e-02,7.380382716655731201e-02,-1.284291446208953857e-01,5.003811791539192200e-02,3.045181743800640106e-02,7.914417982101440430e-02,1.935329847037792206e-02,1.224877312779426575e-02,-1.958462595939636230e-01,4.872561991214752197e-02,-1.004141271114349365e-01,6.259061396121978760e-02,-1.176192387938499451e-01,2.252572029829025269e-02,7.292770594358444214e-02,2.671973966062068939e-02,7.118432968854904175e-02,2.479507923126220703e-01,-1.698837429285049438e-01,-9.549222141504287720e-02,-2.516086101531982422e-01,9.932541847229003906e-02,7.039953023195266724e-02,-9.603353589773178101e-02,-1.583469472825527191e-02,-1.363208051770925522e-03,5.433902516961097717e-02,-4.040409624576568604e-02,-2.820072509348392487e-02,1.722286790609359741e-01,1.302812993526458740e-01,8.879715949296951294e-02,-6.046695634722709656e-02,-1.440121233463287354e-01,-1.517731994390487671e-01,-2.852911949157714844e-01,-7.431926578283309937e-02,-2.476731315255165100e-02,8.981297910213470459e-02,1.560641080141067505e-01,4.103212803602218628e-02,-1.380332410335540771e-01,7.262777071446180344e-03,-3.021651804447174072e-01,1.542727202177047729e-01,1.135408356785774231e-01,-1.112461462616920471e-01,-1.420125644654035568e-02,2.260689884424209595e-01,-2.609896659851074219e-01,-1.549980491399765015e-01,-1.343183219432830811e-01,-5.022810399532318115e-02,2.724781930446624756e-01,4.445124790072441101e-02,1.682216674089431763e-01,1.927835941314697266e-01,-4.564921557903289795e-02,3.124578855931758881e-02,-3.712605834007263184e-01,3.501941859722137451e-01,-4.626165702939033508e-02,-1.379294395446777344e-01,1.279935538768768311e-01,9.923387318849563599e-03
8.290497213602066040e-02,-3.338119685649871826e-01,1.833195984363555908e-02,2.847057580947875977e-01,-1.054947152733802795e-01,2.600902020931243896e-01,6.819506641477346420e-03,-2.777820639312267303e-02,2.186988592147827148e-01,-7.597234100103378296e-02,9.974177181720733643e-02,4.738572239875793457e-02,-2.328897453844547272e-02,1.991570889949798584e-01,1.445275247097015381e-01,1.950561553239822388e-01,-3.917377814650535583e-02,-1.065374016761779785e-01,-5.477616935968399048e-02,-6.242565438151359558e-02,3.146022558212280273e-02,-1.980676501989364624e-01,-2.973204292356967926e-02,4.371290281414985657e-02,-1.068822667002677917e-01,-6.673364341259002686e-02,-8.348307013511657715e-02,-1.790030160918831825e-03,-2.555240690708160400e-01,-1.579021066427230835e-01,2.509636059403419495e-02,1.369584500789642334e-01,-1.761095598340034485e-02,-1.590235680341720581e-01,-8.244416862726211548e-02,-2.460109293460845947e-01,2.174168039346113801e-04,-1.701319962739944458e-01,3.060705214738845825e-02,-4.967724904417991638e-02,-1.564154028892517090e-01,-4.629992879927158356e-03,9.118328243494033813e-02,1.493652611970901489e-01,-2.491738349199295044e-01,-1.629923880100250244e-01,-7.181544601917266846e-02,-1.743832416832447052e-02,4.494996741414070129e-02,-1.331825107336044312e-01,-2.151264399290084839e-01,9.529700875282287598e-02,7.575966417789459229e-02,-8.734984695911407471e-02,6.320094317197799683e-02,4.647694155573844910e-02,-1.706719100475311279e-01,7.713137660175561905e-03,-1.293934881687164307e-01,1.460541635751724243e-01,-3.057390451431274414e-01,2.639312148094177246e-01,6.813841313123703003e-02,1.429005414247512817e-01,-1.106539219617843628e-01,-2.398820966482162476e-01,-4.077670350670814514e-02,1.459301859140396118e-01,-5.186803638935089111e-02,2.652831077575683594e-01,8.790497481822967529e-02,7.209966331720352173e-02,3.332219645380973816e-02,4.610314965248107910e-02,7.165127247571945190e-02,4.336481168866157532e-02,1.241031736135482788e-01,-3.938515186309814453e-01,1.644922494888305664e-01,1.226959899067878723e-01,3.727735206484794617e-02,-1.404496580362319946e-01,2.254724502563476562e-01,1.087580397725105286e-01,-6.793573964387178421e-03,2.759053409099578857e-01,-9.652698040008544922e-02,-1.594166606664657593e-01,-2.295243740081787109e-02,-1.279418468475341797e-01,1.993922591209411621e-01,-3.634163737297058105e-02,4.653601348400115967e-02,-1.348134577274322510e-01,2.326243519783020020e-01,1.454926133155822754e-01,-1.107758469879627228e-02,1.040640249848365784e-01,-2.439683973789215088e-01,-1.835880875587463379e-01,1.886222697794437408e-02,3.507814370095729828e-03,1.313948305323719978e-03,-6.757351756095886230e-02,1.908738911151885986e-02,-4.743364825844764709e-02,7.563892751932144165e-02,-1.805045604705810547e-01,-1.067136973142623901e-02,5.132332071661949158e-02,9.091145545244216919e-02,-1.482213195413351059e-02,-2.196277827024459839e-01,-9.772893041372299194e-02,4.127219319343566895e-02,-1.913852989673614502e-01,2.423741854727268219e-02,-1.124155521392822266e-02,1.868928819894790649e-01,1.043818518519401550e-02,-1.548859030008316040e-01,-3.184105753898620605e-01,-3.330965340137481689e-01,3.661217540502548218e-02,7.364675402641296387e-02,9.765849262475967407e-02,1.415704786777496338e-01,1.388622224330902100e-01,4.785194247961044312e-02,1.846913993358612061e-01,-6.746175140142440796e-02,6.401607394218444824e-02,6.078891083598136902e-02,2.948260307312011719e-01,1.067399457097053528e-01,2.165309786796569824e-01,-5.588358640670776367e-02,1.904545873403549194e-01,-4.440717399120330811e-02,2.431856654584407806e-02,-2.057455182075500488e-01,8.458004891872406006e-02,-4.060593992471694946e-02,1.425848454236984253e-01,-1.224303711205720901e-02,6.356103718280792236e-02,2.543163672089576721e-02,-8.976249396800994873e-02,1.319043040275573730e-01,-1.686478219926357269e-02,8.657510392367839813e-03,-1.806971244513988495e-02,1.420684903860092163e-01,3.850203752517700195e-02,1.017669867724180222e-02,1.554265320301055908e-01,-1.494170874357223511e-01,1.258435249328613281e-01,-1.760819368064403534e-02,-9.144335240125656128e-02,-1.738618314266204834e-01,-1.407660692930221558e-01,-7.373145222663879395e-02,-1.070960983633995056e-01,-1.018969062715768814e-02,1.217362061142921448e-01,1.016285195946693420e-01,-1.122255176305770874e-01,6.896181404590606689e-02,-1.195128038525581360e-01,-1.583908349275588989e-01,4.735058546066284180e-02,5.214817076921463013e-02,-4.670618847012519836e-02,-3.104965686798095703e-01,7.957335561513900757e-02,-5.514440685510635376e-02,-4.014958813786506653e-02,1.454302072525024414e-01,-1.669122427701950073e-01,3.441414795815944672e-03,1.877574324607849121e-01,1.292824745178222656e-01,2.656369507312774658e-01,-6.682309508323669434e-02,1.647869125008583069e-02,-5.338866636157035828e-02,-1.445077955722808838e-01,1.816100031137466431e-01,-1.652563512325286865e-01,-1.456925868988037109e-01,-6.331998109817504883e-02,1.152695808559656143e-02,8.856447041034698486e-02,-7.745493948459625244e-02,-1.670531183481216431e-01,-3.523083776235580444e-02,-1.916611939668655396e-02,5.034733191132545471e-02,-9.318569302558898926e-02,-4.435894638299942017e-02,-1.869048774242401123e-01,1.440903916954994202e-02,-1.361512839794158936e-01,6.472025066614151001e-02,-1.887926599010825157e-03,-1.834623217582702637e-01,2.250138670206069946e-01,5.428628064692020416e-03,-1.577566564083099365e-01,-1.235116645693778992e-01,-1.933350712060928345e-01,-1.607396006584167480e-01,-1.831877976655960083e-01,2.008897066116333008e-02,4.757829010486602783e-02,8.914504945278167725e-02,-6.093225628137588501e-02,-2.045533210039138794e-01,-5.188486352562904358e-02,7.836891710758209229e-02,-1.514987275004386902e-02,-3.690657392144203186e-02,-8.594498038291931152e-02,-9.572000801563262939e-02,-1.489350199699401855e-01,2.045267447829246521e-02,9.257748723030090332e-02,-2.311556041240692139e-02,-1.352607607841491699e-01,-1.188426166772842407e-01,1.466566417366266251e-02,2.781586050987243652e-01,5.597425624728202820e-02,-5.830340832471847534e-02,3.682032227516174316e-02,-1.862824261188507080e-01,1.009405329823493958e-01,-8.236148953437805176e-02,-1.753535717725753784e-01,9.153349697589874268e-02,1.509436070919036865e-01,4.516001641750335693e-01,1.968428045511245728e-01,-3.253512084484100342e-01,-1.668022274971008301e-01,-5.803489685058593750e-02,-1.236034333705902100e-01,2.286133319139480591e-01,1.296554654836654663e-01,8.338736742734909058e-02,-3.402097849175333977e-03,-1.589454412460327148e-01,4.041677713394165039e-02,1.520663499832153320e-02,-2.081073122099041939e-03
-1.192376688122749329e-01,-1.071668416261672974e-01,5.319839715957641602e-02,-2.423721365630626678e-02,-6.842844188213348389e-02,1.214518323540687561e-01,-5.912307277321815491e-02,-9.984364360570907593e-02,-6.256826221942901611e-02,3.972697630524635315e-02,1.147418096661567688e-01,5.050111934542655945e-02,1.104401890188455582e-02,-1.189030408859252930e-01,-9.528815746307373047e-03,1.807323098182678223e-01,2.303581982851028442e-01,-3.778938204050064087e-02,4.498681426048278809e-02,4.614336788654327393e-02,4.278374090790748596e-02,1.085340008139610291e-01,-5.443530902266502380e-02,-2.297276407480239868e-01,2.471716105937957764e-01,1.651203483343124390e-01,1.358407884836196899e-01,3.744293749332427979e-02,6.351851671934127808e-02,1.250236183404922485e-01,1.213455051183700562e-01,-1.587643027305603027e-01,9.428113698959350586e-03,1.664869636297225952e-01,1.180660724639892578e-01,1.388147622346878052e-01,1.001429632306098938e-01,3.563911095261573792e-02,1.133902892470359802e-01,-1.620616763830184937e-01,7.783632725477218628e-02,1.877864263951778412e-02,1.460533291101455688e-01,-9.363897889852523804e-02,1.485716849565505981e-01,-7.841525948606431484e-04,1.103490144014358521e-01,-2.234458625316619873e-01,2.179914563894271851e-01,5.449206754565238953e-02,1.058147400617599487e-01,-2.352847903966903687e-01,-8.238605409860610962e-02,-1.604651212692260742e-01,-1.269386559724807739e-01,-3.920466899871826172e-01,1.485653668642044067e-01,-4.618965089321136475e-02,1.597673445940017700e-01,-1.555750072002410889e-01,1.521328836679458618e-01,-2.444690316915512085e-01,-6.995388120412826538e-02,-1.161762028932571411e-01,2.133176103234291077e-02,8.158089965581893921e-02,5.931115895509719849e-02,-1.040829345583915710e-01,1.648892164230346680e-01,-9.072453528642654419e-02,-7.858450524508953094e-03,-1.416732072830200195e-01,-2.062891982495784760e-02,9.114041924476623535e-03,3.963421285152435303e-02,-1.138261258602142334e-01,-3.783879103139042854e-03,-6.034867838025093079e-02,9.457934647798538208e-02,-1.492930925451219082e-03,1.859924755990505219e-02,6.729599833488464355e-02,-6.179011240601539612e-02,1.087574511766433716e-01,1.886727362871170044e-01,-1.530741453170776367e-01,1.315882652997970581e-01,-2.038437873125076294e-02,1.480597406625747681e-01,-1.895923539996147156e-02,5.817126855254173279e-02,-8.166545629501342773e-02,1.635196246206760406e-02,-2.716952748596668243e-02,7.592123746871948242e-02,-1.017324253916740417e-01,-5.773890763521194458e-02,-1.903325505554676056e-02,1.439301520586013794e-01,5.559471994638442993e-02,-2.827239334583282471e-01,-9.654493629932403564e-02,-2.269159853458404541e-01,-3.644581139087677002e-01,9.213010221719741821e-02,-6.468664109706878662e-02,8.335298299789428711e-02,-2.162107825279235840e-01,1.618888229131698608e-01,-2.269736677408218384e-01,-6.215380877256393433e-02,-2.238919287919998169e-01,-7.790808379650115967e-02,9.251837432384490967e-02,-2.578948251903057098e-02,-3.209302201867103577e-02,-2.627749443054199219e-01,-2.292441576719284058e-01,-8.626167476177215576e-02,-6.491430401802062988e-01,-4.212914705276489258e-01,4.266082495450973511e-02,-4.238040372729301453e-02,-4.593020379543304443e-01,1.357719302177429199e-01,-1.140008792281150818e-01,-2.345907501876354218e-02,-1.880772411823272705e-01,-4.860811308026313782e-02,3.066559731960296631e-01,1.148172840476036072e-01,1.589886397123336792e-01,9.845867753028869629e-02,-1.557151377201080322e-01,-1.137495879083871841e-02,-1.097999736666679382e-01,1.139960736036300659e-01,-1.472726166248321533e-01,-7.183050364255905151e-02,1.090420112013816833e-01,2.719609737396240234e-01,-3.131312131881713867e-02,9.230169653892517090e-02,-1.811995506286621094e-01,8.097906410694122314e-02,8.695123717188835144e-03,4.493470303714275360e-03,-1.774386269971728325e-03,-1.446081995964050293e-01,-1.413842886686325073e-01,1.320417225360870361e-01,-1.441507786512374878e-01,-6.578393280506134033e-02,3.265609219670295715e-02,-2.720227930694818497e-03,2.221188992261886597e-01,4.174590110778808594e-02,-1.208444163203239441e-01,1.353385448455810547e-01,-6.031845510005950928e-02,4.467860329896211624e-03,9.641502797603607178e-02,-1.496612131595611572e-01,3.805988654494285583e-02,-1.586387008428573608e-01,-1.591786742210388184e-01,1.378448158502578735e-01,-3.038043975830078125e-01,-1.544886976480484009e-01,4.982534423470497131e-02,2.559446394443511963e-01,1.311374902725219727e-01,2.134948521852493286e-01,-3.456575274467468262e-01,-7.757963240146636963e-02,-3.277576267719268799e-01,5.011086910963058472e-02,-9.040239453315734863e-02,1.308726668357849121e-01,5.295225977897644043e-02,9.573964029550552368e-02,-3.613945841789245605e-02,-1.473667919635772705e-01,-1.515953391790390015e-01,-1.997786015272140503e-01,-9.230709820985794067e-02,-1.463850885629653931e-01,1.077262014150619507e-01,6.191519647836685181e-02,1.445250213146209717e-01,-3.351452350616455078e-01,1.332017183303833008e-01,-1.381896669045090675e-03,1.846704483032226562e-01,4.259960725903511047e-02,1.143394187092781067e-01,1.162770166993141174e-01,-2.116787433624267578e-02,1.942282617092132568e-01,-3.843433037400245667e-02,6.337447464466094971e-02,-2.559010982513427734e-01,-1.607719659805297852e-01,-3.911647945642471313e-02,-2.608506083488464355e-01,-4.158108308911323547e-02,-4.424757324159145355e-03,-4.331710282713174820e-03,9.462831169366836548e-02,-1.307654082775115967e-01,1.950193196535110474e-01,4.799931310117244720e-03,8.260436356067657471e-02,3.739863634109497070e-02,5.949901416897773743e-02,1.485721915960311890e-01,-2.220593690872192383e-01,1.800434738397598267e-01,7.296488434076309204e-02,3.899164870381355286e-02,2.564936876296997070e-02,1.936699450016021729e-01,1.507589966058731079e-01,-2.991040050983428955e-02,2.398562282323837280e-01,-3.755912184715270996e-01,4.617125689983367920e-01,6.583601981401443481e-02,2.070008367300033569e-01,2.156616896390914917e-01,7.315537333488464355e-02,-2.357408870011568069e-03,-3.514387607574462891e-01,-1.956004090607166290e-02,1.183457821607589722e-01,1.737672537565231323e-01,1.964663267135620117e-01,-1.330988407135009766e-01,-5.834397673606872559e-02,-1.550632268190383911e-01,1.152420863509178162e-01,-4.302436411380767822e-01,-6.276515871286392212e-02,-8.401256054639816284e-02,2.113198786973953247e-01,1.150438934564590454e-01,1.262327283620834351e-01,2.288688868284225464e-01,-2.164155840873718262e-01,-3.108169510960578918e-02,7.252658717334270477e-03,1.808916926383972168e-01,-3.655862435698509216e-02,1.027852371335029602e-01,-2.267844080924987793e-01,2.087578177452087402e-01
3.746397048234939575e-02,5.322739481925964355e-02,-1.104805991053581238e-01,-1.813568472862243652e-01,7.690519839525222778e-02,-5.002349615097045898e-02,1.217617541551589966e-01,-5.854927375912666321e-02,1.124953851103782654e-01,-2.520678341388702393e-01,-1.632139459252357483e-02,1.341793090105056763e-01,3.353540599346160889e-01,8.293994469568133354e-04,-1.124991942197084427e-02,1.841205954551696777e-01,7.524523884057998657e-02,-4.033818468451499939e-02,1.950211822986602783e-02,5.832902714610099792e-02,-5.037493258714675903e-02,2.083671987056732178e-01,1.693212836980819702e-01,3.418945893645286560e-02,1.575674265623092651e-01,1.649842411279678345e-01,-1.237690374255180359e-01,1.680071055889129639e-01,-9.595002979040145874e-02,-2.229169476777315140e-03,-4.385682195425033569e-02,-9.403749555349349976e-02,-2.094038426876068115e-01,-2.965265139937400818e-02,6.558468192815780640e-02,-6.405956298112869263e-02,-6.657902896404266357e-02,9.242779575288295746e-03,5.651807785034179688e-02,-7.059811800718307495e-02,1.534520648419857025e-02,-9.965675324201583862e-02,-1.834793388843536377e-01,3.086164593696594238e-02,1.308735758066177368e-01,8.480017073452472687e-03,-9.720814228057861328e-02,2.856755629181861877e-02,-1.869042217731475830e-02,-7.516502588987350464e-02,3.468357026576995850e-02,-1.816560924053192139e-01,-2.509842514991760254e-01,-3.503980115056037903e-02,1.229640394449234009e-01,-2.754188515245914459e-02,1.120856553316116333e-01,-7.063124328851699829e-02,-3.648099303245544434e-02,4.314940422773361206e-02,3.546544536948204041e-02,-2.514222562313079834e-01,-3.785035340115427971e-03,-1.554598361253738403e-01,8.277518302202224731e-02,-2.137930244207382202e-01,-1.950343996286392212e-01,-1.818748116493225098e-01,9.074705839157104492e-02,-2.127376496791839600e-01,7.199482992291450500e-03,-1.740757077932357788e-01,-1.630036234855651855e-01,-1.250675469636917114e-01,-3.448833227157592773e-01,-8.220530115067958832e-03,5.554601177573204041e-02,1.417257338762283325e-01,8.902443945407867432e-02,-2.874614298343658447e-01,1.742684398777782917e-03,4.201419278979301453e-02,-1.095637083053588867e-01,-3.353763818740844727e-01,1.712239980697631836e-01,-1.324771717190742493e-02,4.378202557563781738e-02,-2.165979743003845215e-01,1.330694705247879028e-01,1.805056333541870117e-01,3.083400242030620575e-02,2.169076353311538696e-02,-1.827383935451507568e-01,1.250317394733428955e-01,-1.838663965463638306e-01,-1.530307829380035400e-01,-7.201849948614835739e-03,-1.842780560255050659e-01,1.234707906842231750e-01,1.774429827928543091e-01,6.573658436536788940e-02,-4.579060897231101990e-02,4.274363815784454346e-02,1.017255261540412903e-01,-5.393828079104423523e-02,1.552050262689590454e-01,3.381196036934852600e-02,-8.605535328388214111e-02,1.873522549867630005e-01,-1.267378032207489014e-01,2.167676016688346863e-02,-1.142417341470718384e-01,-4.381074011325836182e-02,2.014456838369369507e-01,-7.742110639810562134e-02,-1.798868775367736816e-01,-8.885200321674346924e-02,-2.952174097299575806e-02,-1.797223240137100220e-01,3.676645574159920216e-04,1.112340856343507767e-02,3.482740744948387146e-02,1.462867707014083862e-01,-1.975460499525070190e-01,-1.281417608261108398e-01,-1.176357045769691467e-01,1.361407786607742310e-01,-9.515634924173355103e-02,-7.421194016933441162e-02,-1.831105947494506836e-01,-1.107081025838851929e-01,-1.846068352460861206e-01,1.673129200935363770e-01,-2.482883036136627197e-01,4.349215887486934662e-03,-9.617255628108978271e-02,-1.688712090253829956e-01,-8.852475136518478394e-02,-2.666524648666381836e-01,1.785498112440109253e-01,-5.459043756127357483e-02,-3.123746439814567566e-02,-8.502881228923797607e-02,-4.621975123882293701e-02,-3.410597518086433411e-02,-4.450807720422744751e-02,-4.749307036399841309e-02,-5.685215815901756287e-02,6.458568386733531952e-03,-2.111888863146305084e-02,1.093850806355476379e-01,1.441713571548461914e-01,-2.472619563341140747e-01,-2.216754481196403503e-02,-1.123535558581352234e-01,1.358563303947448730e-01,-8.305130898952484131e-02,1.241883561015129089e-01,1.279647201299667358e-01,9.189193695783615112e-02,2.284198813140392303e-02,1.049753427505493164e-01,-1.119574382901191711e-01,-6.795285735279321671e-03,-2.328651398420333862e-01,-6.135199964046478271e-02,2.688440959900617599e-03,1.119503900408744812e-01,-1.120352521538734436e-01,-3.208440542221069336e-02,-8.304299414157867432e-02,8.309721946716308594e-02,5.649035330861806870e-03,1.565906107425689697e-01,1.402025073766708374e-01,-1.422929316759109497e-01,-1.768314838409423828e-01,1.114761978387832642e-01,-1.159767061471939087e-02,-1.272712349891662598e-01,-1.170718893408775330e-01,-7.481051236391067505e-02,-8.490701764822006226e-02,6.271920353174209595e-02,9.196281433105468750e-02,1.089318990707397461e-01,-4.216905310750007629e-02,1.968567371368408203e-01,1.177374739199876785e-02,-8.459416776895523071e-02,-2.098163962364196777e-01,-2.399564348161220551e-02,-1.362912654876708984e-01,1.950489729642868042e-01,-3.043469190597534180e-01,-5.405552312731742859e-02,8.629659563302993774e-02,-1.835343092679977417e-01,-3.083244711160659790e-02,-2.868809737265110016e-02,2.403233200311660767e-02,-7.648890372365713120e-03,-1.851605325937271118e-01,1.820187419652938843e-01,5.554117634892463684e-02,-8.195409178733825684e-02,-1.247773915529251099e-01,-5.589781329035758972e-02,-4.921376332640647888e-02,4.167905077338218689e-02,4.289737716317176819e-02,2.729983329772949219e-01,2.306093089282512665e-02,-1.543779820203781128e-01,8.858936280012130737e-02,-1.152250319719314575e-01,-1.071560382843017578e-01,9.650130569934844971e-02,-3.226777911186218262e-01,4.235452041029930115e-02,-2.079686671495437622e-01,-1.192896366119384766e-01,8.109844475984573364e-02,-5.355918034911155701e-02,-4.671652242541313171e-02,-1.746575385332107544e-01,-2.423906773328781128e-01,3.313392102718353271e-01,-7.484321016818284988e-03,2.556301057338714600e-01,1.168874055147171021e-01,9.174547344446182251e-02,-7.564715296030044556e-02,1.883199959993362427e-01,2.632958069443702698e-02,-8.609594404697418213e-02,-1.176968216896057129e-01,7.382136583328247070e-02,-1.229896619915962219e-01,1.476409435272216797e-01,-1.832570582628250122e-01,-6.233055144548416138e-03,1.527054309844970703e-01,1.144082620739936829e-01,9.559807926416397095e-02,1.296085268259048462e-01,-1.213255245238542557e-02,6.342986971139907837e-02,1.823441386222839355e-01,1.040514186024665833e-01,-4.479262605309486389e-02,1.281059533357620239e-01,-1.044306904077529907e-01,-4.461933672428131104e-02,3.768900036811828613e-02,1.337025016546249390e-01
-8.461903035640716553e-02,-1.033843755722045898e-01,-1.711342334747314453e-01,4.249443486332893372e-02,9.417532384395599365e-02,1.008562929928302765e-02,-5.131071060895919800e-02,-5.168434605002403259e-02,-7.987188547849655151e-02,-3.133625164628028870e-02,-1.161201298236846924e-01,-3.136742115020751953e-02,6.527937948703765869e-02,-1.163595691323280334e-01,-8.610449731349945068e-02,-1.237104386091232300e-01,3.089546971023082733e-02,4.376849904656410217e-02,-1.897458173334598541e-02,-1.570160835981369019e-01,-1.313641518354415894e-01,-4.065986722707748413e-02,-1.299153566360473633e-01,2.732763811945915222e-02,-1.581672728061676025e-01,-4.436008632183074951e-02,6.189643219113349915e-02,8.274667710065841675e-02,-6.461054831743240356e-02,5.848693847656250000e-02,-1.007352396845817566e-01,-1.287250667810440063e-01,5.342820659279823303e-02,6.890825927257537842e-02,3.508304059505462646e-02,-1.211774721741676331e-01,-6.995470076799392700e-02,-4.065654426813125610e-02,-1.776777394115924835e-02,-2.787733078002929688e-02,-9.491313248872756958e-02,-2.701043337583541870e-02,-8.631706982851028442e-02,8.162660151720046997e-02,-1.066112443804740906e-01,-1.682197004556655884e-01,-5.144488811492919922e-02,2.656107395887374878e-02,-1.647763103246688843e-01,-1.126400381326675415e-01,1.041767373681068420e-01,5.118672270327806473e-03,-8.306341618299484253e-02,-1.513659507036209106e-01,-1.280779838562011719e-01,-1.886916905641555786e-01,-1.152017191052436829e-01,-5.951321870088577271e-02,2.398910932242870331e-02,-6.043958291411399841e-02,-8.443099260330200195e-02,-9.720810502767562866e-02,5.082891508936882019e-02,6.104160472750663757e-02,-1.702074557542800903e-01,-9.092403948307037354e-02,-6.567558646202087402e-02,-3.644083067774772644e-02,-3.521527722477912903e-02,-6.167875602841377258e-02,1.022479608654975891e-01,9.003648161888122559e-02,2.418315038084983826e-02,-9.059065580368041992e-02,-1.582888662815093994e-01,-1.017102375626564026e-01,-1.011843159794807434e-01,3.679188340902328491e-02,-6.574519723653793335e-02,-7.617743220180273056e-03,-2.939877286553382874e-02,3.860725462436676025e-02,6.334046274423599243e-02,-8.275257796049118042e-02,4.171975329518318176e-02,7.333978265523910522e-02,-1.989078894257545471e-02,-8.742932230234146118e-02,3.161377971991896629e-03,-1.726279407739639282e-01,-9.820020943880081177e-02,1.036028563976287842e-01,7.548039406538009644e-02,4.765590280294418335e-02,6.861245632171630859e-02,-1.559846252202987671e-01,1.088063977658748627e-02,5.000469088554382324e-02,-1.131939888000488281e-01,5.019660294055938721e-02,-1.103504151105880737e-01,-6.283212453126907349e-02,-3.115301392972469330e-02,-1.191528066992759705e-01,-6.071038544178009033e-02,-9.989467263221740723e-02,-1.645135283470153809e-01,-8.171840012073516846e-02,-5.152624845504760742e-02,-1.348335444927215576e-01,-7.922216318547725677e-03,-1.940969191491603851e-02,1.216560304164886475e-01,5.581914633512496948e-02,-4.078844934701919556e-02,-1.014075949788093567e-01,4.318986460566520691e-02,8.104553818702697754e-02,-3.061546012759208679e-03,-2.752447500824928284e-02,-1.258149892091751099e-01,-9.153032302856445312e-02,-1.205247864127159119e-01,-1.097089275717735291e-01,-5.379664245992898941e-03,-1.879998482763767242e-02,-1.140072196722030640e-01,1.515821367502212524e-02,-6.384000182151794434e-02,-8.913411200046539307e-02,8.923992514610290527e-02,-5.661174654960632324e-02,1.236561611294746399e-01,1.178020909428596497e-01,-8.297589421272277832e-02,-1.173584237694740295e-01,3.195019066333770752e-02,-1.213897690176963806e-01,4.631047323346138000e-02,1.041888520121574402e-01,-1.160656288266181946e-01,-4.977016896009445190e-02,-1.167682707309722900e-01,1.001608073711395264e-01,1.045684292912483215e-01,-1.413437128067016602e-01,3.998022153973579407e-02,-1.151968762278556824e-01,8.057784289121627808e-03,4.241415858268737793e-02,-9.238987416028976440e-02,-1.071868911385536194e-01,-5.168882384896278381e-02,8.658924698829650879e-02,5.137711018323898315e-02,-6.929590553045272827e-02,-9.122805297374725342e-02,7.154132425785064697e-02,-4.822158813476562500e-02,5.131585150957107544e-02,-6.922882050275802612e-03,8.511304110288619995e-02,-5.601609125733375549e-02,-7.344952225685119629e-02,1.229629442095756531e-01,-1.616279184818267822e-01,5.462805554270744324e-02,5.839945003390312195e-02,8.244477212429046631e-02,-7.168953865766525269e-02,-1.981180310249328613e-01,-1.217541396617889404e-01,-1.306212991476058960e-01,-5.927262455224990845e-02,-1.089041903614997864e-01,3.227793797850608826e-02,-2.235231362283229828e-02,-1.276777088642120361e-01,2.879394777119159698e-02,-3.675748407840728760e-02,7.480480521917343140e-02,-5.704775080084800720e-02,2.618445456027984619e-02,-1.100130602717399597e-01,-9.762138873338699341e-02,-5.595198273658752441e-02,4.096330329775810242e-02,6.945785135030746460e-02,2.151306532323360443e-02,9.964573197066783905e-03,-6.878534704446792603e-02,3.971220552921295166e-02,-2.578673139214515686e-02,-3.447257727384567261e-02,3.133530914783477783e-02,-1.174460276961326599e-01,8.490862697362899780e-02,1.204353645443916321e-01,-1.004012376070022583e-01,6.777776777744293213e-02,-4.552422091364860535e-02,-5.311526730656623840e-02,-1.140717864036560059e-01,-1.150289028882980347e-01,-9.655857831239700317e-02,-1.232721060514450073e-01,-3.416273742914199829e-02,-1.328723430633544922e-01,-5.413119122385978699e-02,4.915076121687889099e-02,-4.065093025565147400e-02,8.124196529388427734e-02,-3.307994082570075989e-02,8.953735977411270142e-02,-1.476716697216033936e-01,1.782675087451934814e-02,-7.711260020732879639e-02,-1.302380859851837158e-01,1.049893274903297424e-01,3.209544345736503601e-02,2.540474198758602142e-02,-1.470580548048019409e-01,8.130400627851486206e-02,-1.165049225091934204e-01,-1.645934432744979858e-01,-7.177715003490447998e-02,-5.371522158384323120e-02,-1.912013143301010132e-01,1.552075427025556564e-02,-3.792775422334671021e-02,-1.367871016263961792e-01,-6.136545911431312561e-02,-1.109815090894699097e-01,-1.898474842309951782e-01,1.976806111633777618e-02,7.134036719799041748e-02,-1.148362737149000168e-02,-4.362909868359565735e-02,-9.157630056142807007e-02,5.682184919714927673e-02,-2.391256764531135559e-02,3.902858123183250427e-02,-8.178851753473281860e-02,6.379205733537673950e-02,-6.059592962265014648e-02,-5.933339148759841919e-02,3.975187614560127258e-02,5.480451136827468872e-02,4.453726857900619507e-02,-1.489457488059997559e-01,-4.172426648437976837e-03,-1.066291257739067078e-01,-5.796653404831886292e-02,-3.493825718760490417e-02,9.331320412456989288e-03,-2.067163772881031036e-02
8.892459422349929810e-02,6.781694293022155762e-02,-6.540898233652114868e-03,-3.845458477735519409e-02,-1.184782981872558594e-01,8.750222623348236084e-02,-1.097597926855087280e-01,-1.689465343952178955e-01,5.199840292334556580e-02,3.370721265673637390e-02,-1.371181458234786987e-01,-1.024455875158309937e-01,-5.402661114931106567e-02,4.715032130479812622e-02,-2.726863138377666473e-02,7.221628725528717041e-02,9.729193150997161865e-02,-1.094843968749046326e-01,-1.593208499252796173e-02,3.177425637841224670e-02,-1.434250921010971069e-01,-9.876064956188201904e-02,-1.240800246596336365e-01,-1.931030154228210449e-01,1.669607684016227722e-02,7.644616067409515381e-02,8.119156211614608765e-02,-4.767154157161712646e-02,-1.124028116464614868e-02,7.755051553249359131e-02,-3.978763148188591003e-02,-1.065743528306484222e-02,-1.777209192514419556e-01,9.703962504863739014e-02,-3.977351263165473938e-02,4.470474272966384888e-02,-1.294723898172378540e-02,-4.779977351427078247e-02,7.956095039844512939e-02,-6.922253221273422241e-02,-1.378831267356872559e-01,-1.466917842626571655e-01,-7.424487173557281494e-02,-2.369387261569499969e-02,-7.940728962421417236e-02,-2.519399300217628479e-02,-1.066652610898017883e-01,-4.745645448565483093e-02,-1.642540693283081055e-01,9.967748075723648071e-02,1.801461214199662209e-03,-5.912305042147636414e-02,-1.262228637933731079e-01,-3.976566344499588013e-02,5.401649326086044312e-02,-1.651750057935714722e-01,-1.383969485759735107e-01,-1.033535078167915344e-01,-7.867020368576049805e-02,-1.310816854238510132e-01,-1.564764678478240967e-01,-1.473511308431625366e-01,-3.902697935700416565e-02,-3.563807811588048935e-03,-6.237379088997840881e-02,6.515984237194061279e-02,7.744394242763519287e-02,5.436376482248306274e-02,-1.598453149199485779e-02,-1.344000548124313354e-01,-8.665060997009277344e-02,-1.224662438035011292e-01,-1.002822294831275940e-01,9.455384314060211182e-02,-1.062331255525350571e-02,7.481665164232254028e-02,1.009511798620223999e-01,-6.156260147690773010e-02,6.129917874932289124e-02,7.604106515645980835e-02,1.851351186633110046e-02,-6.548509746789932251e-02,-1.068886518478393555e-01,1.631213910877704620e-02,2.716549672186374664e-02,-2.357754670083522797e-02,-1.096720620989799500e-01,-3.438501805067062378e-02,-3.266043262556195259e-03,-1.192080006003379822e-01,5.628478899598121643e-02,-1.071380972862243652e-01,4.877082258462905884e-02,-1.395614892244338989e-01,-2.274766564369201660e-02,-9.548428654670715332e-02,-4.034016281366348267e-02,-1.012211814522743225e-01,-8.874812722206115723e-02,-3.757516667246818542e-02,-2.723939344286918640e-02,-3.789295628666877747e-02,1.171899214386940002e-01,-4.398781061172485352e-02,-2.491401880979537964e-02,-1.992725580930709839e-01,-1.541075706481933594e-01,-5.281399935483932495e-02,-3.957230970263481140e-02,7.671584188938140869e-02,-1.559431105852127075e-01,1.573334820568561554e-02,-1.366484910249710083e-01,-1.707818359136581421e-01,7.844655960798263550e-02,2.304884605109691620e-02,9.096532315015792847e-02,1.216603219509124756e-01,-7.168012205511331558e-03,1.476190984249114990e-01,-4.763809591531753540e-02,-6.201700121164321899e-02,-9.769225865602493286e-02,-9.056076407432556152e-02,-8.050743490457534790e-02,-5.069840699434280396e-02,-4.699056223034858704e-02,1.923816055059432983e-01,8.939075469970703125e-02,-8.535981178283691406e-02,-5.331509187817573547e-02,-1.510547697544097900e-01,-7.741902023553848267e-02,1.817756798118352890e-03,1.753037050366401672e-02,1.970045566558837891e-01,2.843133546411991119e-02,-9.570426493883132935e-02,-6.020973995327949524e-02,7.066959887742996216e-02,-1.240296661853790283e-01,-1.160454377532005310e-01,-6.952652335166931152e-02,1.629981249570846558e-01,-1.007771566510200500e-01,7.779923081398010254e-02,-4.089317470788955688e-02,1.150170937180519104e-01,4.875871539115905762e-02,3.528954461216926575e-02,3.680165112018585205e-02,-1.359292715787887573e-01,-4.924602061510086060e-02,-1.135191395878791809e-01,-1.189745366573333740e-01,-2.022900991141796112e-02,8.108493685722351074e-02,4.024808853864669800e-02,-1.408581249415874481e-02,-7.830230519175529480e-03,-1.604148149490356445e-01,-4.358465224504470825e-02,-1.214751750230789185e-01,-1.116888001561164856e-01,-3.013557009398937225e-02,-1.063909083604812622e-01,-2.556568384170532227e-02,-1.123201847076416016e-01,1.135006397962570190e-01,-3.591742366552352905e-02,-9.173416346311569214e-02,2.605079673230648041e-02,-5.168244242668151855e-02,1.227627396583557129e-01,-9.397339820861816406e-02,3.345850110054016113e-02,-1.425964874215424061e-03,1.002944484353065491e-01,-2.045497149229049683e-01,2.934350399300456047e-03,1.783639341592788696e-01,-6.490762531757354736e-02,4.122296720743179321e-02,-3.768019005656242371e-02,1.779735460877418518e-02,9.046231955289840698e-02,8.008392900228500366e-02,-9.994139522314071655e-02,-5.654028803110122681e-02,8.495288342237472534e-02,4.925384745001792908e-02,-2.195623144507408142e-02,7.263647019863128662e-02,-1.288987100124359131e-01,3.432539105415344238e-02,8.909791707992553711e-02,-3.755553811788558960e-02,1.096674874424934387e-01,-1.873011887073516846e-02,-1.641931086778640747e-01,9.923420101404190063e-02,1.873868517577648163e-02,-6.034668162465095520e-02,-1.104506701231002808e-01,-9.171614050865173340e-02,-9.367118775844573975e-02,-2.724650688469409943e-02,-1.900222897529602051e-02,-1.424433290958404541e-01,-1.568514853715896606e-01,9.469759464263916016e-02,-1.300030052661895752e-01,-7.345619797706604004e-02,7.718954980373382568e-02,-6.585909426212310791e-02,-1.209318414330482483e-01,-3.291578963398933411e-02,-1.712762862443923950e-01,-2.332591451704502106e-02,-2.022908627986907959e-01,-8.245252817869186401e-02,-1.770398914813995361e-01,-2.219920307397842407e-01,-7.253766991198062897e-03,-1.038263514637947083e-01,-5.950371921062469482e-02,-1.439728587865829468e-01,-1.229736115783452988e-02,-4.317492991685867310e-02,-1.837695688009262085e-01,1.005460470914840698e-01,-3.117805346846580505e-03,-1.325880140066146851e-01,-1.423882395029067993e-01,1.104712858796119690e-01,-6.263378262519836426e-02,-1.144266426563262939e-01,-8.600494265556335449e-02,3.749099560081958771e-03,6.663986295461654663e-02,-8.457019180059432983e-02,-1.051089018583297729e-01,-8.484072051942348480e-03,1.682621240615844727e-01,5.020763259381055832e-03,-8.033970743417739868e-02,6.853209435939788818e-02,1.930978707969188690e-02,-4.145251214504241943e-02,-1.133596524596214294e-01,9.300512820482254028e-02,1.084307283163070679e-01,-1.543277222663164139e-02,-8.033410459756851196e-02,-1.059821695089340210e-01,-3.443817049264907837e-02
-2.158075124025344849e-01,-9.387574344873428345e-02,-4.952953662723302841e-03,-1.966302990913391113e-01,1.256081908941268921e-01,5.652001593261957169e-03,4.915487766265869141e-02,2.760656476020812988e-01,-4.553943872451782227e-03,8.568878471851348877e-02,-8.206348866224288940e-02,9.089790284633636475e-02,1.479715406894683838e-01,7.287072390317916870e-02,9.000504016876220703e-02,-4.363701492547988892e-02,-1.309934258460998535e-01,-6.460075825452804565e-02,1.277559064328670502e-02,-6.584499776363372803e-02,-1.456698477268218994e-01,7.568966597318649292e-02,3.541259840130805969e-02,-6.746931374073028564e-02,7.108744978904724121e-02,1.755214929580688477e-01,1.057726889848709106e-01,2.242770604789257050e-02,7.939536869525909424e-02,-1.394899487495422363e-01,1.992291063070297241e-01,-8.670829981565475464e-02,-1.135788261890411377e-01,-9.127906709909439087e-02,1.226924732327461243e-01,-1.269537359476089478e-01,4.573969915509223938e-02,6.758305430412292480e-02,-5.778894200921058655e-02,-4.914762824773788452e-02,4.253831505775451660e-02,6.115046143531799316e-02,2.684202603995800018e-02,-4.385876655578613281e-02,-7.143690437078475952e-02,-2.854347112588584423e-04,-2.147501260042190552e-01,1.492120046168565750e-02,1.077358648180961609e-01,-1.863023042678833008e-01,5.810255557298660278e-02,-1.620375812053680420e-01,-9.913188219070434570e-02,8.095946907997131348e-02,-2.535928487777709961e-01,1.417108811438083649e-02,2.463381141424179077e-01,2.044713199138641357e-01,2.237442582845687866e-01,-1.819905638694763184e-02,5.508867558091878891e-03,-1.661068648099899292e-01,-3.101921267807483673e-02,5.096006393432617188e-02,-1.261218786239624023e-01,-4.885924234986305237e-02,-6.091454625129699707e-02,5.377288442105054855e-03,1.271245777606964111e-01,-2.877387702465057373e-01,1.363521218299865723e-01,-1.137581840157508850e-01,2.555500902235507965e-02,1.170827522873878479e-01,4.582188650965690613e-02,6.136694923043251038e-02,1.219526454806327820e-01,1.190772950649261475e-01,1.883764415979385376e-01,7.719330955296754837e-03,-3.961646556854248047e-02,2.034858912229537964e-01,-1.505606714636087418e-02,-1.569546945393085480e-02,-1.303127557039260864e-01,-1.814678013324737549e-01,4.432788863778114319e-02,8.253764361143112183e-02,-8.992431312799453735e-02,-6.468185037374496460e-02,-5.174283310770988464e-02,-3.016158193349838257e-02,1.027375534176826477e-01,1.880680769681930542e-02,7.280604541301727295e-02,-6.672575324773788452e-02,1.029376462101936340e-01,-1.088871955871582031e-01,-1.279023587703704834e-01,-3.304772973060607910e-01,2.115209400653839111e-02,-4.201810806989669800e-02,1.075395792722702026e-01,-4.982625134289264679e-03,-4.108843207359313965e-02,2.518352121114730835e-03,2.559697814285755157e-02,6.509431451559066772e-02,1.017062738537788391e-01,9.743355214595794678e-02,-2.040404826402664185e-03,1.427115779370069504e-02,1.923648267984390259e-01,1.884389109909534454e-02,1.309095323085784912e-01,-2.727147005498409271e-02,1.427379697561264038e-01,1.277717798948287964e-01,6.317750364542007446e-02,-2.053668200969696045e-01,-7.137908786535263062e-02,5.334855988621711731e-02,1.512705683708190918e-01,6.979501247406005859e-02,4.535229131579399109e-02,-1.324614286422729492e-01,-2.739565372467041016e-01,-9.430231153964996338e-02,-1.055880710482597351e-01,5.422948300838470459e-02,-1.603003889322280884e-01,-1.647556424140930176e-01,2.037177085876464844e-01,-1.619081944227218628e-01,-5.025081709027290344e-02,-4.476985707879066467e-02,-1.187448501586914062e-01,6.727305054664611816e-02,-2.089277505874633789e-01,-7.777629792690277100e-02,1.870387941598892212e-01,1.913780122995376587e-01,3.030580282211303711e-01,-3.267237916588783264e-02,-1.783022284507751465e-01,4.369120672345161438e-02,-2.355044186115264893e-01,-7.076204568147659302e-02,9.063131362199783325e-02,-3.921854496002197266e-02,5.720256827771663666e-03,2.553440332412719727e-01,3.995714709162712097e-02,-1.777697354555130005e-02,-1.842970848083496094e-01,-6.966349482536315918e-02,2.543838322162628174e-02,-1.612837165594100952e-01,-1.339853256940841675e-01,-2.302094921469688416e-02,3.676576539874076843e-02,-1.493534147739410400e-01,7.507218420505523682e-02,1.981975696980953217e-02,-4.339268058538436890e-02,5.242523550987243652e-02,1.625697761774063110e-01,2.703427970409393311e-01,-3.930684924125671387e-02,-1.763858348131179810e-01,-7.197353988885879517e-02,1.096876189112663269e-01,-6.855177693068981171e-03,-1.291576586663722992e-02,2.870538085699081421e-02,-7.556837052106857300e-02,2.701179683208465576e-01,7.182411849498748779e-02,2.140780240297317505e-01,3.395186960697174072e-01,1.145188733935356140e-01,7.517901808023452759e-02,-2.828342095017433167e-02,-4.111660271883010864e-02,2.719210088253021240e-02,-8.142458647489547729e-02,2.538480758666992188e-01,1.347043514251708984e-01,-1.442987769842147827e-01,1.328988582827150822e-03,8.786497637629508972e-03,2.081336528062820435e-01,1.856676191091537476e-01,1.474310010671615601e-01,-7.345734536647796631e-02,-2.919892594218254089e-02,-1.400029808282852173e-01,-1.082652509212493896e-01,-1.320059001445770264e-01,1.742786020040512085e-01,-1.032510474324226379e-01,4.262847825884819031e-03,1.122564226388931274e-01,-1.054066345095634460e-01,1.534244865179061890e-01,-6.750836223363876343e-02,1.304827183485031128e-01,-3.186688572168350220e-02,3.661716729402542114e-02,-1.999254524707794189e-01,-1.377060115337371826e-01,2.317285388708114624e-01,-1.208780799061059952e-02,-7.646762579679489136e-02,9.159368276596069336e-02,7.050194591283798218e-02,1.067262738943099976e-01,7.995380461215972900e-02,-3.558605909347534180e-02,2.976037003099918365e-02,2.303046733140945435e-02,-6.706793606281280518e-02,4.224225506186485291e-02,-7.830686122179031372e-02,7.983606308698654175e-02,9.295409172773361206e-02,2.033463418483734131e-01,-5.875598639249801636e-02,8.026606589555740356e-02,-5.773147568106651306e-02,2.552439644932746887e-02,3.129116818308830261e-02,1.760206371545791626e-01,-8.840178698301315308e-02,2.697946131229400635e-01,-8.059509843587875366e-02,-1.282759159803390503e-01,9.927202016115188599e-02,1.965700648725032806e-02,6.764751672744750977e-02,6.551590561866760254e-02,-6.021565571427345276e-02,8.353610336780548096e-02,4.966965690255165100e-02,-1.202191971242427826e-02,-2.906144410371780396e-02,-1.407407373189926147e-01,-5.375628545880317688e-02,-8.349653333425521851e-02,-2.011517733335494995e-01,3.754561394453048706e-02,-6.826336495578289032e-03,6.297241896390914917e-02,1.027452051639556885e-01,3.680144622921943665e-02,-2.783025801181793213e-01
1.919270753860473633e-01,1.002181097865104675e-01,1.103246808052062988e-01,1.912293285131454468e-01,-3.811921458691358566e-03,1.417089253664016724e-01,-3.301848843693733215e-02,-4.306554794311523438e-02,1.466016024351119995e-01,-1.572610437870025635e-01,1.608974635601043701e-01,6.419569253921508789e-02,-2.446965686976909637e-02,-1.206467021256685257e-02,7.209890335798263550e-02,5.054529756307601929e-02,-1.391962287016212940e-03,-6.369402259588241577e-02,-2.664475739002227783e-01,8.469133824110031128e-02,3.583412766456604004e-01,1.239533498883247375e-01,1.008966490626335144e-01,2.172870747745037079e-02,-1.360466033220291138e-01,-1.903667151927947998e-01,2.112296037375926971e-02,2.051299903541803360e-03,6.628620624542236328e-02,-5.442843958735466003e-02,1.062489375472068787e-01,1.001950725913047791e-01,-3.493775129318237305e-01,-2.672066725790500641e-02,-3.813470005989074707e-01,-3.247642517089843750e-01,2.142017036676406860e-01,9.003615379333496094e-02,3.022481687366962433e-03,9.915808588266372681e-02,-6.494472175836563110e-02,-3.434650003910064697e-01,-3.928749859333038330e-01,1.882152557373046875e-01,-6.220263987779617310e-02,-1.120633333921432495e-01,-1.195907220244407654e-01,1.154235824942588806e-01,-2.959567904472351074e-01,-2.600260674953460693e-01,-4.044491350650787354e-01,-2.810634076595306396e-01,1.640233956277370453e-02,1.601531752385199070e-03,1.866247057914733887e-01,-4.493412747979164124e-02,-1.050856113433837891e-01,-5.905793607234954834e-02,-1.106383875012397766e-01,-5.003853142261505127e-02,-1.280111968517303467e-01,7.799942046403884888e-02,-1.085872575640678406e-01,1.144395843148231506e-01,4.745255783200263977e-02,-1.862234473228454590e-01,7.860543578863143921e-02,-1.931237578392028809e-01,1.071684584021568298e-01,1.571692824363708496e-01,8.942715823650360107e-03,2.469285875558853149e-01,-1.408544927835464478e-01,-2.110096961259841919e-01,-4.392034560441970825e-02,7.468077540397644043e-02,-1.417280733585357666e-02,-1.061513200402259827e-01,6.067599356174468994e-02,-2.037579379975795746e-02,-6.303708255290985107e-02,-1.943284645676612854e-02,-2.828014791011810303e-01,-2.433499693870544434e-01,1.185892149806022644e-01,4.120023921132087708e-02,-3.909229114651679993e-02,2.546147406101226807e-01,-7.466066163033246994e-04,1.044573485851287842e-01,-2.139745652675628662e-02,7.267627120018005371e-02,4.543358385562896729e-01,-3.109221160411834717e-01,8.191388845443725586e-02,-6.580730527639389038e-02,-2.988925576210021973e-01,-7.637967169284820557e-02,3.043681383132934570e-02,-4.647527039051055908e-01,-2.468338012695312500e-01,9.536738693714141846e-02,7.012733817100524902e-02,1.311496924608945847e-02,1.614031940698623657e-01,5.215489119291305542e-02,1.581981033086776733e-02,-1.365908235311508179e-01,3.315748572349548340e-01,-1.024633720517158508e-01,-2.545629441738128662e-01,9.552833437919616699e-02,6.919106468558311462e-03,-3.353709876537322998e-01,4.516153130680322647e-03,-3.177440166473388672e-01,-2.760526239871978760e-01,1.051482334733009338e-01,1.397352814674377441e-01,1.597934663295745850e-01,4.938194900751113892e-02,7.235189527273178101e-02,9.169152379035949707e-02,-1.520345956087112427e-01,1.100871786475181580e-01,-1.452665328979492188e-01,-1.526610255241394043e-01,-5.471630766987800598e-02,6.847780197858810425e-02,2.687955200672149658e-01,-4.273083060979843140e-02,2.484659664332866669e-02,-1.668564416468143463e-02,-5.904401466250419617e-02,1.500121057033538818e-01,-1.686780527234077454e-02,-9.358550608158111572e-02,3.364956006407737732e-02,6.538307666778564453e-02,9.421028196811676025e-03,1.527896970510482788e-01,-4.124277830123901367e-02,-1.005341485142707825e-01,-7.225649058818817139e-02,6.585977226495742798e-02,-5.182486400008201599e-02,-3.003051877021789551e-01,-2.372184209525585175e-02,5.882782489061355591e-02,3.838721662759780884e-02,6.754498928785324097e-02,1.315024495124816895e-01,-1.047057881951332092e-01,3.652023151516914368e-02,-3.480059802532196045e-01,-7.570672780275344849e-02,4.671620205044746399e-02,9.078168123960494995e-02,-2.535489015281200409e-02,-5.022259429097175598e-02,1.316937506198883057e-01,-2.679513692855834961e-01,2.038564532995223999e-01,2.475594729185104370e-02,-7.719743251800537109e-02,3.909910470247268677e-02,-4.633624106645584106e-02,2.079575806856155396e-01,8.894222229719161987e-02,-2.102129012346267700e-01,2.940151691436767578e-01,-1.029864326119422913e-01,-7.663009315729141235e-02,-1.556534618139266968e-01,-7.169085554778575897e-03,1.134215039201080799e-03,1.001047492027282715e-01,8.179505169391632080e-02,1.428880244493484497e-01,1.622059494256973267e-01,-1.148733217269182205e-02,8.575977385044097900e-02,7.964877039194107056e-02,-7.288690656423568726e-02,-2.134213596582412720e-02,-4.771251231431961060e-03,4.411255195736885071e-02,4.612766206264495850e-02,-1.238932162523269653e-01,-9.269496798515319824e-02,-1.528338491916656494e-01,5.729507654905319214e-02,-9.885782003402709961e-02,2.088516950607299805e-01,-9.997434914112091064e-03,-6.373500823974609375e-02,-1.440000683069229126e-01,-8.581855148077011108e-02,-2.832744643092155457e-02,2.229222562164068222e-03,1.152994558215141296e-01,-3.145736455917358398e-02,-1.725029349327087402e-01,-4.072482232004404068e-03,-8.582051098346710205e-02,6.735523045063018799e-02,2.880819514393806458e-02,5.100067704916000366e-02,-2.797177135944366455e-01,-3.836631774902343750e-02,-9.961818903684616089e-02,-2.268048077821731567e-01,-1.491777319461107254e-02,1.809415221214294434e-02,-1.314535439014434814e-01,1.088445410132408142e-01,6.468071788549423218e-02,5.906147509813308716e-02,-2.496587336063385010e-01,-5.064911209046840668e-03,-1.864817552268505096e-02,-1.390388794243335724e-02,-1.945810914039611816e-01,3.456721827387809753e-02,9.766590595245361328e-02,3.325827419757843018e-03,2.291167527437210083e-01,1.390817910432815552e-01,-1.241333559155464172e-01,-2.012411355972290039e-01,4.214593023061752319e-02,1.761134946718811989e-03,7.463399320840835571e-02,2.335228025913238525e-01,9.349225461483001709e-02,-3.838001191616058350e-02,-2.432079911231994629e-01,2.284849435091018677e-01,1.147075220942497253e-01,-1.929273270070552826e-02,-7.383025437593460083e-02,8.627139031887054443e-02,1.075942367315292358e-01,2.723847925662994385e-01,1.553204208612442017e-01,-5.937718227505683899e-02,1.431095004081726074e-01,2.748944051563739777e-02,1.901666969060897827e-01,-2.690055873245000839e-03,-7.432080060243606567e-02,-4.135898128151893616e-02,1.205332111567258835e-02,1.603563688695430756e-02,1.349690258502960205e-01,9.870661050081253052e-02
-1.730555146932601929e-01,1.238140836358070374e-01,-1.441782861948013306e-01,-1.704892814159393311e-01,2.484299428761005402e-02,-1.577334403991699219e-01,1.311396658420562744e-01,-4.404636472463607788e-02,9.075421839952468872e-02,8.792631328105926514e-02,-2.135996818542480469e-01,1.061395183205604553e-01,7.714456319808959961e-02,-9.272936731576919556e-02,1.769234798848628998e-02,-1.501288148574531078e-03,-1.452419999986886978e-02,-1.370446979999542236e-01,8.632472902536392212e-02,2.182427234947681427e-02,-1.159193441271781921e-01,1.823184639215469360e-01,7.587288320064544678e-02,5.476704612374305725e-02,1.190613373182713985e-03,-1.585114896297454834e-01,4.173180460929870605e-02,8.395774662494659424e-02,8.980056643486022949e-02,-6.175332516431808472e-02,1.144766993820667267e-02,8.665203303098678589e-02,-1.446572542190551758e-01,-2.670776546001434326e-01,6.676421314477920532e-02,-1.015959586948156357e-02,1.493887454271316528e-01,2.335490733385086060e-01,-1.245236024260520935e-01,4.775587935000658035e-03,2.389439493417739868e-01,-6.928704679012298584e-02,1.372868567705154419e-01,5.362759903073310852e-02,-1.336839199066162109e-01,4.042341932654380798e-02,1.839704811573028564e-02,-8.584447205066680908e-02,-2.155618667602539062e-01,3.489854931831359863e-02,7.647568732500076294e-02,-3.763447701930999756e-02,-2.993877045810222626e-02,1.125553473830223083e-01,-1.477481275796890259e-01,1.801098734140396118e-01,2.553531341254711151e-02,2.222851663827896118e-01,7.209701091051101685e-02,3.714696690440177917e-02,4.611753392964601517e-03,-2.663862109184265137e-01,-3.267987072467803955e-02,-1.903041899204254150e-01,1.179435173980891705e-03,-1.138215512037277222e-01,-1.215154528617858887e-01,-5.986282229423522949e-02,4.683915060013532639e-03,-1.929262280464172363e-01,1.937974542379379272e-01,7.224468886852264404e-02,-3.344168066978454590e-01,1.538845151662826538e-01,-1.626600325107574463e-02,-9.067608416080474854e-02,1.482564583420753479e-02,1.401398032903671265e-01,4.273262619972229004e-02,1.975835039047524333e-04,-7.034448534250259399e-02,6.361791491508483887e-02,-1.586716026067733765e-01,1.559485215693712234e-02,-3.939554560929536819e-03,-9.792349487543106079e-02,-1.010696664452552795e-01,1.491504013538360596e-01,-5.210537463426589966e-02,-4.890863597393035889e-02,-7.144239544868469238e-02,4.841992631554603577e-02,-1.992572844028472900e-01,1.260554641485214233e-01,8.873737417161464691e-03,-1.453848332166671753e-01,-7.574695348739624023e-02,2.910517342388629913e-02,3.795770555734634399e-02,1.581260375678539276e-02,-1.133928373456001282e-01,9.311094880104064941e-02,1.491435058414936066e-02,-6.392659270204603672e-04,-4.170560836791992188e-02,8.949723094701766968e-02,-9.573844820261001587e-02,-1.213070936501026154e-02,-3.477121144533157349e-02,1.521919518709182739e-01,5.823026970028877258e-02,-1.334052532911300659e-01,8.141452819108963013e-02,7.062589377164840698e-02,-2.714054659008979797e-03,1.932311207056045532e-01,-2.012147940695285797e-02,-1.176633611321449280e-01,-2.394525147974491119e-02,-2.492684684693813324e-02,2.343366481363773346e-02,1.359938979148864746e-01,1.344297230243682861e-01,1.670541614294052124e-02,-3.194836154580116272e-02,6.110423058271408081e-02,1.149079203605651855e-01,-1.237310916185379028e-01,1.115529090166091919e-01,6.432524882256984711e-03,1.277980208396911621e-01,-4.374221712350845337e-02,-1.270242482423782349e-01,-1.283848732709884644e-01,-3.376631066203117371e-02,-5.171279609203338623e-02,-6.434862315654754639e-02,-3.418330550193786621e-01,1.333195716142654419e-01,6.829527020454406738e-02,-4.235120117664337158e-02,-4.871288314461708069e-03,-1.877370178699493408e-01,1.077499985694885254e-01,1.591946780681610107e-01,1.442515105009078979e-01,8.175175637006759644e-02,1.706487238407135010e-01,-6.148506700992584229e-02,-5.274732410907745361e-02,-1.066888123750686646e-01,1.069324612617492676e-01,1.368172373622655869e-02,1.160395704209804535e-02,1.062811240553855896e-01,-1.460925936698913574e-01,-1.188391074538230896e-01,1.524695903062820435e-01,4.380512237548828125e-02,8.675829321146011353e-02,3.869589418172836304e-02,-1.415756046772003174e-01,2.274167723953723907e-02,-2.886855741962790489e-03,-5.810266360640525818e-02,1.541928499937057495e-01,-1.654481291770935059e-01,1.060313284397125244e-01,-1.283085346221923828e-01,2.114222496747970581e-01,-9.398008882999420166e-02,-1.334682554006576538e-01,2.224809490144252777e-02,1.277203112840652466e-01,1.776312291622161865e-01,5.571857839822769165e-02,-7.938908785581588745e-02,1.079229637980461121e-01,-2.484116405248641968e-01,1.232395023107528687e-01,1.478249281644821167e-01,6.027473881840705872e-02,1.079096365720033646e-02,-1.109629943966865540e-01,-1.667385697364807129e-01,3.462981060147285461e-02,-6.577359139919281006e-02,7.735935598611831665e-02,6.581722944974899292e-02,-1.713449507951736450e-02,1.696940883994102478e-02,1.033672988414764404e-01,1.481939405202865601e-01,-8.551099151372909546e-02,3.113861195743083954e-02,-5.769973993301391602e-02,7.512854784727096558e-02,-7.695834338665008545e-02,-1.635793000459671021e-01,1.201628297567367554e-01,-2.751400768756866455e-01,1.170589998364448547e-01,-1.397375017404556274e-01,-6.436518393456935883e-03,2.544780969619750977e-01,4.303932655602693558e-03,-4.293799027800559998e-02,1.504059284925460815e-01,-1.990901492536067963e-02,-3.106333501636981964e-02,-2.610138952732086182e-01,-9.972448647022247314e-02,9.517664462327957153e-02,-1.206192523241043091e-01,6.200418621301651001e-02,5.340038612484931946e-02,8.327564597129821777e-02,-2.326927781105041504e-01,-6.297460943460464478e-02,1.201648339629173279e-01,6.715240329504013062e-02,8.111934363842010498e-02,1.424507796764373779e-01,-9.826695546507835388e-03,-1.533023715019226074e-01,-1.128438115119934082e-01,-5.126014947891235352e-01,3.387196362018585205e-02,-4.758341982960700989e-02,1.332146525382995605e-01,8.900376409292221069e-02,1.686501353979110718e-01,1.620328724384307861e-01,-1.120466738939285278e-01,-1.539629399776458740e-01,-1.761403679847717285e-01,-1.930838078260421753e-02,1.853901743888854980e-01,5.872842296957969666e-02,1.565808057785034180e-01,-7.015399634838104248e-02,-9.683202020823955536e-03,1.159539893269538879e-01,2.711921744048595428e-02,-9.712429717183113098e-03,-5.189909040927886963e-02,4.890627041459083557e-02,-4.146727547049522400e-02,1.838696002960205078e-01,-1.196065694093704224e-01,-5.997698009014129639e-02,1.051108241081237793e-01,1.614745706319808960e-01,2.329871803522109985e-02,1.045387089252471924e-01,8.865812420845031738e-02
1.186243891716003418e-01,-1.282041054219007492e-02,1.619071811437606812e-01,3.032304942607879639e-01,-2.163204103708267212e-01,1.728825271129608154e-01,1.030868291854858398e-01,1.268500238656997681e-01,-7.897009700536727905e-02,1.525776535272598267e-01,2.374326735734939575e-01,-9.200555086135864258e-02,-1.359628140926361084e-01,8.382464945316314697e-02,-1.401874274015426636e-01,5.503670498728752136e-02,6.307990849018096924e-02,2.089124023914337158e-01,-5.400917306542396545e-02,2.022229284048080444e-01,-1.315736770629882812e-01,-8.909159898757934570e-02,-8.456076495349407196e-03,-7.779725641012191772e-02,5.402770824730396271e-03,1.217115297913551331e-01,4.482743889093399048e-02,8.249657601118087769e-02,-3.354799374938011169e-02,-6.706826388835906982e-02,-2.164418064057826996e-02,-9.163411334156990051e-03,1.206365600228309631e-01,-2.055665999650955200e-01,3.153346851468086243e-02,9.467904269695281982e-02,-3.186037838459014893e-01,-3.864068537950515747e-02,1.167561858892440796e-01,8.671346586197614670e-04,-8.006227016448974609e-02,3.629525005817413330e-02,-1.126070991158485413e-01,4.058090969920158386e-02,-3.970423713326454163e-02,-6.168230995535850525e-02,-6.110782269388437271e-03,-1.005948558449745178e-01,2.466857880353927612e-01,1.128180325031280518e-01,1.796788126230239868e-01,8.828929811716079712e-02,-1.023691594600677490e-01,1.786665618419647217e-01,-1.166513711214065552e-01,-2.167537994682788849e-02,-4.629950597882270813e-02,-4.579272493720054626e-02,5.984626337885856628e-02,2.001850605010986328e-01,-4.045820981264114380e-02,8.848012238740921021e-02,1.179898828268051147e-01,1.234949305653572083e-01,-6.614103913307189941e-02,-4.590035974979400635e-01,1.502846553921699524e-02,-3.008002936840057373e-01,1.413989067077636719e-01,2.383061796426773071e-01,1.795355826616287231e-01,1.807534098625183105e-01,4.628426395356655121e-04,2.577256262302398682e-01,-1.984247863292694092e-01,1.813049428164958954e-02,6.554508209228515625e-02,-1.422423124313354492e-01,4.507817327976226807e-02,2.381325215101242065e-01,-7.881445437669754028e-02,-1.770551502704620361e-01,1.441070288419723511e-01,-1.402321904897689819e-01,2.472893148660659790e-01,2.533423006534576416e-01,1.909314543008804321e-01,2.205120176076889038e-01,-1.544386595487594604e-01,3.004666417837142944e-03,1.563161164522171021e-01,2.371135354042053223e-01,-9.308283217251300812e-03,-2.068375796079635620e-01,-8.122742921113967896e-02,2.470477074384689331e-01,-6.637944281101226807e-02,-1.097299456596374512e-01,-1.685120612382888794e-01,-1.527453362941741943e-01,1.450098771601915359e-02,-3.804520890116691589e-02,4.049089550971984863e-02,-1.121382415294647217e-01,-9.747377038002014160e-02,1.324761360883712769e-01,1.845911890268325806e-02,2.097370922565460205e-01,-1.807256042957305908e-01,6.190960109233856201e-02,9.785051643848419189e-02,-5.008513852953910828e-02,-3.616634011268615723e-02,8.942853659391403198e-02,1.270832866430282593e-01,5.111057311296463013e-02,-7.296128571033477783e-02,3.021812625229358673e-02,-1.413435190916061401e-01,-2.919730916619300842e-02,-1.031347736716270447e-01,4.557131615001708269e-04,-1.052877977490425110e-01,2.806565463542938232e-01,-1.138032600283622742e-01,3.193973898887634277e-01,1.146635860204696655e-01,-2.520092725753784180e-01,-2.593211531639099121e-01,-3.043334782123565674e-01,-6.237784773111343384e-02,1.042815372347831726e-01,-4.857155308127403259e-02,2.031767368316650391e-01,3.229702264070510864e-02,1.514306217432022095e-01,2.029560655355453491e-01,1.652357541024684906e-02,1.685796380043029785e-01,-2.695721685886383057e-01,-1.575584895908832550e-02,-1.089770570397377014e-01,7.585483044385910034e-02,2.370052598416805267e-02,-9.488331526517868042e-02,-2.557760477066040039e-01,-6.889588385820388794e-02,2.243314236402511597e-01,8.883776515722274780e-02,2.435638606548309326e-01,5.908786877989768982e-02,2.122812420129776001e-01,1.417955905199050903e-01,-2.178020030260086060e-01,2.690992355346679688e-01,-2.640948295593261719e-01,-1.339603215456008911e-01,-9.461942128837108612e-03,-6.187918037176132202e-02,2.449414879083633423e-02,3.069584257900714874e-02,2.177820503711700439e-01,-7.956599444150924683e-02,-1.198438480496406555e-01,1.531284302473068237e-01,1.703272014856338501e-02,-1.834692433476448059e-02,-7.212645374238491058e-03,-2.046699635684490204e-02,-1.594970226287841797e-01,8.994951844215393066e-02,6.575315445661544800e-02,5.337483808398246765e-02,1.319606900215148926e-01,-8.601735532283782959e-02,3.126982972025871277e-02,1.468737423419952393e-01,-1.156242936849594116e-01,3.873280808329582214e-02,-2.587843537330627441e-01,9.304139763116836548e-02,-1.988840252161026001e-01,2.131028026342391968e-01,4.180762544274330139e-02,-8.763744495809078217e-03,-7.212879508733749390e-02,-1.059257611632347107e-01,-1.058694347739219666e-01,1.443377435207366943e-01,2.758539617061614990e-01,7.490598410367965698e-02,-1.986301839351654053e-01,-2.771786600351333618e-02,5.975404754281044006e-03,3.710748627781867981e-02,1.836905777454376221e-01,2.712185308337211609e-02,-2.390314638614654541e-01,-1.265910416841506958e-01,1.015358939766883850e-01,-6.355608999729156494e-02,-8.230789005756378174e-02,1.913662813603878021e-02,4.023718088865280151e-02,9.803402423858642578e-02,4.313857853412628174e-02,2.974438481032848358e-02,6.546343117952346802e-02,1.674565821886062622e-01,7.472674548625946045e-02,-5.975966528058052063e-02,-3.548028692603111267e-02,-8.922000229358673096e-02,-1.540282964706420898e-01,-3.192465901374816895e-01,2.764679864048957825e-02,3.433573544025421143e-01,8.011953532695770264e-02,-1.061100587248802185e-01,-4.867920279502868652e-02,1.550769153982400894e-02,3.422114998102188110e-02,3.801919147372245789e-02,6.006651744246482849e-02,-8.586013317108154297e-02,6.481551378965377808e-02,-2.281181365251541138e-01,4.807823151350021362e-02,-1.878660470247268677e-01,-1.227254569530487061e-01,-2.853344678878784180e-01,5.231836438179016113e-02,-3.213097900152206421e-02,-8.364263921976089478e-02,8.097695559263229370e-02,-1.178304944187402725e-02,3.169706463813781738e-01,1.918411999940872192e-01,-6.094277277588844299e-02,-4.917435348033905029e-02,-8.103346079587936401e-02,1.881477534770965576e-01,8.033535629510879517e-02,-2.164260745048522949e-01,4.442839697003364563e-02,-1.032930389046669006e-01,-8.679185062646865845e-03,-4.336469247937202454e-02,1.343921665102243423e-02,4.008460044860839844e-02,-3.242043033242225647e-02,-2.014373540878295898e-01,1.318705081939697266e-01,-8.340603113174438477e-02,8.698564022779464722e-03,-1.829086095094680786e-01
6.751160323619842529e-02,8.397945016622543335e-02,1.041363701224327087e-01,1.313047111034393311e-02,-4.799897223711013794e-02,-4.282610490918159485e-02,-1.346171200275421143e-01,-7.117609679698944092e-02,3.554427251219749451e-02,-6.651091575622558594e-02,-7.937091402709484100e-03,-1.253994554281234741e-01,-3.097182139754295349e-02,8.397237956523895264e-02,2.266071550548076630e-02,8.430275321006774902e-02,-9.903825074434280396e-02,4.267426580190658569e-02,2.552175335586071014e-02,1.000128779560327530e-02,-9.232095628976821899e-02,-1.357034444808959961e-01,-5.263200029730796814e-02,2.476870547980070114e-03,-9.986308962106704712e-02,1.159637421369552612e-01,-4.966628924012184143e-02,5.504794418811798096e-02,-3.306648880243301392e-02,-7.663839310407638550e-02,-1.013705059885978699e-01,8.567804098129272461e-02,3.715416416525840759e-02,6.291300058364868164e-02,5.257155373692512512e-02,-7.074929028749465942e-02,-2.698618732392787933e-02,-9.797827899456024170e-02,1.837285794317722321e-02,6.215404346585273743e-02,-8.650381118059158325e-02,-1.225467212498188019e-02,-1.375155746936798096e-01,-8.350972831249237061e-02,-8.449839055538177490e-02,4.720301553606987000e-02,-6.871653348207473755e-02,-8.504025638103485107e-02,7.946653640829026699e-04,-1.304426938295364380e-01,5.998406559228897095e-03,6.697853654623031616e-02,-8.339374512434005737e-02,-1.021656468510627747e-01,3.542259708046913147e-02,-6.847139447927474976e-02,1.008356511592864990e-01,3.975677490234375000e-02,1.073743551969528198e-01,-3.158995136618614197e-02,5.034315586090087891e-02,-2.819331549108028412e-02,-1.312102973461151123e-01,4.383561387658119202e-02,-7.801585644483566284e-02,6.345146149396896362e-02,-1.452564895153045654e-01,-8.629687130451202393e-02,1.087004691362380981e-01,8.705554157495498657e-02,-5.155826918780803680e-03,-3.228579834103584290e-02,-8.891066163778305054e-02,-5.474184453487396240e-02,-9.566867351531982422e-02,1.674353703856468201e-02,-1.516568753868341446e-02,-7.722123712301254272e-02,2.515632100403308868e-02,-1.327997744083404541e-01,6.453091651201248169e-02,-3.690573573112487793e-02,8.776826784014701843e-03,-1.506730318069458008e-01,2.224709466099739075e-02,-3.518608585000038147e-02,2.695399709045886993e-02,-1.238736510276794434e-01,1.092300191521644592e-02,9.809608757495880127e-02,9.070106782019138336e-03,-1.186354383826255798e-01,8.750779926776885986e-02,1.413509063422679901e-02,-5.841670930385589600e-02,4.211451485753059387e-02,-6.238429248332977295e-02,7.152403146028518677e-02,1.126154977828264236e-02,-5.228012055158615112e-02,7.012828439474105835e-02,-9.506980329751968384e-02,5.895214900374412537e-02,6.471619755029678345e-02,-8.379866927862167358e-02,-7.635825127363204956e-02,-9.236121177673339844e-02,-8.025439828634262085e-02,1.000087559223175049e-01,-4.312850907444953918e-02,-2.947441302239894867e-02,-5.891973897814750671e-02,-1.077298671007156372e-01,-8.255730569362640381e-02,-2.564301341772079468e-02,-8.811584860086441040e-02,8.449317514896392822e-02,-1.393756866455078125e-01,-4.625577107071876526e-02,3.529653698205947876e-02,8.641343563795089722e-03,-4.004816338419914246e-02,-1.340966075658798218e-01,7.981603965163230896e-03,-5.133481696248054504e-02,6.355878897011280060e-03,-2.963802032172679901e-02,-3.344041854143142700e-02,1.527439523488283157e-02,-4.815720021724700928e-02,-5.322926864027976990e-02,-5.465031787753105164e-02,6.880734860897064209e-02,-1.300929039716720581e-01,-1.417053341865539551e-01,-1.415437310934066772e-01,-1.238606572151184082e-01,-3.096409142017364502e-02,-7.838513702154159546e-02,-8.295117318630218506e-02,1.114000845700502396e-02,-1.385486032813787460e-02,1.713471673429012299e-02,-5.072569474577903748e-02,-9.581370651721954346e-02,9.564246982336044312e-02,-2.935408242046833038e-02,-6.462336331605911255e-02,-9.439456462860107422e-02,-2.898036688566207886e-02,-3.753019496798515320e-02,4.977201297879219055e-02,2.302119135856628418e-02,5.591299384832382202e-02,-7.788443565368652344e-02,-6.057981867343187332e-03,-1.108527779579162598e-01,-1.184681337326765060e-02,4.987568408250808716e-02,-4.946307092905044556e-02,-9.948350489139556885e-02,-2.277971617877483368e-02,8.562665432691574097e-02,4.709528386592864990e-02,-9.752063453197479248e-02,1.291484665125608444e-02,-1.009689867496490479e-01,-2.552846260368824005e-02,1.200091931968927383e-02,-7.767210900783538818e-02,3.183834999799728394e-02,-8.998803794384002686e-02,-7.501348108053207397e-02,-2.032355032861232758e-02,-1.101066246628761292e-01,-5.553449317812919617e-02,-4.373454954475164413e-03,2.554451860487461090e-02,-7.354452461004257202e-02,7.633892819285392761e-03,2.159202657639980316e-02,1.635048422031104565e-03,-1.042035669088363647e-01,-8.266457915306091309e-02,8.979863673448562622e-02,-2.891955524682998657e-02,5.768911167979240417e-02,-1.113021448254585266e-01,-8.095803856849670410e-02,-5.993509292602539062e-02,-9.984881430864334106e-02,-1.336403004825115204e-02,9.233079105615615845e-02,-9.839331358671188354e-02,-5.266284570097923279e-03,-9.719014912843704224e-02,1.844266243278980255e-02,-3.716681152582168579e-02,-4.932597652077674866e-02,8.956733159720897675e-03,8.865351229906082153e-02,-1.318873465061187744e-01,1.318015065044164658e-02,4.560316354036331177e-02,-1.120338812470436096e-01,3.944436460733413696e-02,1.815496385097503662e-02,1.755938120186328888e-02,-5.544756725430488586e-02,-4.500288143754005432e-02,-8.716547489166259766e-02,2.422715723514556885e-02,-8.297107368707656860e-02,9.535718709230422974e-02,8.424357324838638306e-02,5.055384710431098938e-02,-2.857797779142856598e-02,-5.563616752624511719e-02,7.582817971706390381e-02,-1.166688278317451477e-01,1.299199312925338745e-01,-3.192242584191262722e-04,4.578210413455963135e-02,-4.826844483613967896e-02,9.247925877571105957e-02,-6.335579603910446167e-02,-1.017865315079689026e-01,-1.077860295772552490e-01,-4.235553741455078125e-02,-1.989550702273845673e-02,8.210723102092742920e-02,4.564427956938743591e-02,-5.564498901367187500e-02,8.814932405948638916e-02,7.670474052429199219e-02,-1.200211346149444580e-01,-1.075095012784004211e-01,-1.019423231482505798e-01,-9.133589267730712891e-02,-1.009888425469398499e-01,2.181501686573028564e-02,-1.066326051950454712e-01,-4.470509290695190430e-02,-4.735190421342849731e-02,5.170549824833869934e-02,9.480126947164535522e-02,-3.880072012543678284e-02,-4.935168847441673279e-02,8.289180696010589600e-02,6.831243634223937988e-02,4.657328128814697266e-02,-1.332230567932128906e-01,2.160630002617835999e-02,-4.461203701794147491e-03,-1.451393123716115952e-02,1.030227467417716980e-01
-2.322624251246452332e-02,5.838133767247200012e-02,-7.305572181940078735e-02,1.024903729557991028e-01,8.209889382123947144e-02,-9.488292783498764038e-02,-1.448052655905485153e-02,1.539524793624877930e-01,6.666124612092971802e-02,2.449600696563720703e-01,1.329599171876907349e-01,2.065647244453430176e-01,2.392057329416275024e-01,2.849697880446910858e-02,4.703981056809425354e-02,1.195589676499366760e-01,1.124797314405441284e-01,2.140345424413681030e-01,-9.605415910482406616e-02,8.925474435091018677e-02,-4.519283771514892578e-02,3.393176198005676270e-02,-7.932256907224655151e-02,-3.201925428584218025e-03,-2.735596597194671631e-01,2.702344954013824463e-02,-1.459691226482391357e-01,-2.331089973449707031e-02,2.624914944171905518e-01,-3.926789388060569763e-02,-1.440872438251972198e-02,-7.808930426836013794e-02,-6.425150483846664429e-02,1.533413231372833252e-01,5.896176770329475403e-02,3.292410820722579956e-02,1.642246246337890625e-01,-5.052304640412330627e-02,1.185869574546813965e-01,-1.059211567044258118e-01,-1.047155484557151794e-01,1.213192045688629150e-01,-1.563647091388702393e-01,3.382417187094688416e-02,6.333593279123306274e-02,-8.017922937870025635e-02,-8.010808378458023071e-02,1.301010251045227051e-01,2.913655042648315430e-01,-4.054125398397445679e-02,2.948735952377319336e-01,2.015638500452041626e-01,7.770438678562641144e-03,-2.467307262122631073e-02,2.381469905376434326e-01,-7.870379090309143066e-02,9.356347471475601196e-02,-8.704674243927001953e-02,-1.276488304138183594e-01,3.147250711917877197e-01,-1.067126914858818054e-01,2.197559028863906860e-01,7.306496798992156982e-02,-6.589298695325851440e-02,-6.125568598508834839e-02,3.515185415744781494e-02,9.380070865154266357e-02,-3.352821618318557739e-02,8.841802179813385010e-02,2.613574564456939697e-01,-4.886127077043056488e-03,-1.210244186222553253e-02,-1.455528736114501953e-01,3.052874840795993805e-02,1.225442439317703247e-01,1.887347549200057983e-01,-6.068001687526702881e-02,-5.693532899022102356e-02,6.477399915456771851e-02,1.705124787986278534e-02,3.259168192744255066e-02,1.281271874904632568e-01,9.514830261468887329e-02,-1.251582950353622437e-01,-1.130709871649742126e-01,1.493847519159317017e-01,8.473102003335952759e-02,1.016789600253105164e-01,-5.614975001662969589e-03,-1.837833076715469360e-01,1.806105524301528931e-01,-8.049274981021881104e-02,8.761785924434661865e-02,-7.899441570043563843e-02,-8.988372236490249634e-02,-9.828060120344161987e-02,8.726513385772705078e-02,2.150401622056961060e-01,-1.163253840059041977e-02,2.403679490089416504e-02,-5.167933925986289978e-02,-2.225274443626403809e-01,2.245178371667861938e-01,-1.035134121775627136e-02,1.204119622707366943e-01,-1.624652892351150513e-01,2.844719029963016510e-02,-1.578365862369537354e-01,1.393287777900695801e-01,6.522516161203384399e-02,-2.660832181572914124e-02,1.314395815134048462e-01,1.176306977868080139e-01,1.255442351102828979e-01,9.564273804426193237e-02,6.912019103765487671e-02,1.640685349702835083e-01,-6.375154107809066772e-02,2.207276821136474609e-01,1.209649164229631424e-02,2.449113689363002777e-02,2.461771480739116669e-02,1.094785854220390320e-01,8.405569940805435181e-02,-3.205062448978424072e-02,1.251289993524551392e-01,5.922782048583030701e-02,2.925663068890571594e-02,-9.631398320198059082e-02,8.234722167253494263e-02,4.614790435880422592e-03,1.284669041633605957e-01,-3.222152590751647949e-01,-1.078815609216690063e-01,4.798219352960586548e-02,3.740761167136952281e-05,2.582393586635589600e-01,-2.603295445442199707e-01,3.037164807319641113e-01,-1.941185630857944489e-02,-3.293974101543426514e-01,5.600697174668312073e-02,1.337851583957672119e-01,-2.233292162418365479e-01,1.906614378094673157e-02,-6.706620752811431885e-02,-3.293713182210922241e-02,2.909850180149078369e-01,-1.204237565398216248e-01,1.581626385450363159e-01,-3.286013007164001465e-02,2.018003016710281372e-01,1.458970364183187485e-02,1.226018965244293213e-01,3.049319982528686523e-01,-1.431458741426467896e-01,-1.155859529972076416e-01,1.113458722829818726e-01,-4.416669532656669617e-02,7.487305253744125366e-02,6.753572821617126465e-02,-4.354726150631904602e-02,3.622727468609809875e-02,2.043226733803749084e-02,-2.238606363534927368e-01,1.466571092605590820e-01,-1.335088629275560379e-02,1.753145158290863037e-01,2.877844274044036865e-01,1.488812714815139771e-01,-7.857207953929901123e-02,8.747392147779464722e-02,-1.083160117268562317e-01,-6.133751943707466125e-02,-2.210014499723911285e-03,2.034703455865383148e-02,-3.146466314792633057e-01,-1.334313005208969116e-01,-2.672055065631866455e-01,4.676085431128740311e-03,3.038120269775390625e-01,-8.274193108081817627e-02,1.079270839691162109e-01,1.544230431318283081e-01,1.405318081378936768e-01,-1.507379580289125443e-02,-3.158078491687774658e-01,2.594238817691802979e-01,-4.347830638289451599e-02,6.922731641680002213e-03,-8.077626675367355347e-02,-8.810845017433166504e-02,3.707248866558074951e-01,2.898663841187953949e-02,2.888621687889099121e-01,1.865385472774505615e-01,-1.099506989121437073e-01,-9.603071957826614380e-02,-1.166852563619613647e-01,-3.559170365333557129e-01,4.638655856251716614e-02,-3.541903495788574219e-01,1.177240759134292603e-01,-2.739126384258270264e-01,2.239479869604110718e-02,-1.254075765609741211e-02,3.143314123153686523e-01,1.385771185159683228e-01,1.321387290954589844e-01,-1.991587579250335693e-01,2.886229753494262695e-02,-2.017424255609512329e-01,-2.044079639017581940e-02,-2.502048388123512268e-02,-6.438159197568893433e-02,-2.548419535160064697e-01,2.142520546913146973e-01,-1.031154170632362366e-01,-2.210855297744274139e-02,1.314488947391510010e-01,-5.125164519995450974e-03,-1.586944162845611572e-01,8.645038306713104248e-02,-8.636682480573654175e-02,1.286089122295379639e-01,-1.584870368242263794e-01,-6.488281488418579102e-02,-7.064443826675415039e-02,3.271806240081787109e-02,-2.108633518218994141e-02,-9.587503969669342041e-02,8.071279153227806091e-03,1.856493651866912842e-01,2.345218658447265625e-01,-9.412217885255813599e-02,8.005133830010890961e-03,7.639165967702865601e-02,-8.186110109090805054e-02,1.185732483863830566e-01,3.030865080654621124e-02,-4.454188048839569092e-02,1.764108659699559212e-03,3.397785872220993042e-02,-2.688076198101043701e-01,1.091137751936912537e-01,-6.175749003887176514e-02,2.581760287284851074e-01,-8.815750479698181152e-03,2.340858057141304016e-02,5.032936576753854752e-03,-1.224364712834358215e-01,-1.580414772033691406e-01,3.521270677447319031e-02,5.887529999017715454e-02,1.439851820468902588e-01,2.609778940677642822e-01
2.587451040744781494e-01,-5.013486370444297791e-03,-3.751692548394203186e-02,1.952078789472579956e-01,-2.128764390945434570e-01,1.182862836867570877e-02,-2.138347625732421875e-01,-2.613769769668579102e-01,-2.603138387203216553e-01,8.550463616847991943e-02,2.400275319814682007e-01,-1.338637769222259521e-01,-2.105132341384887695e-01,1.327441483736038208e-01,2.532992064952850342e-01,-6.046248599886894226e-03,9.356338530778884888e-02,2.242505997419357300e-01,-2.197002470493316650e-01,7.447689026594161987e-02,-6.442905962467193604e-02,-3.108217120170593262e-01,-1.043286547064781189e-01,-1.249623298645019531e-01,-1.639568656682968140e-01,-2.746550440788269043e-01,3.028652444481849670e-02,-3.260334208607673645e-02,-7.276587188243865967e-02,7.254587113857269287e-02,1.842059008777141571e-02,9.576435200870037079e-03,-4.606319963932037354e-02,-1.340003609657287598e-01,-1.328532397747039795e-01,-2.448513731360435486e-02,5.491538718342781067e-02,-1.968343108892440796e-01,-1.723261028528213501e-01,-1.023548990488052368e-01,-8.144425600767135620e-02,-1.735237538814544678e-01,-3.011772334575653076e-01,1.322482824325561523e-01,-1.429515928030014038e-01,8.629051595926284790e-02,-2.525220066308975220e-02,-1.818142384290695190e-01,-1.382660418748855591e-01,-6.314696371555328369e-02,2.845570631325244904e-02,-1.207521110773086548e-01,8.973209559917449951e-02,1.574235036969184875e-02,1.048036813735961914e-01,9.014385193586349487e-02,5.056213587522506714e-02,-1.144773438572883606e-01,-1.177070587873458862e-01,1.949424594640731812e-01,-7.520879060029983521e-02,-5.338235292583703995e-03,-4.876855760812759399e-02,5.856832861900329590e-02,9.599124640226364136e-02,-2.671528458595275879e-01,1.964497268199920654e-01,-3.964209463447332382e-03,5.842234566807746887e-02,1.651699692010879517e-01,1.859026700258255005e-01,-9.647077322006225586e-02,-1.601973474025726318e-01,-7.469549030065536499e-02,-1.691289432346820831e-02,1.824820600450038910e-02,9.014177136123180389e-03,-2.094571478664875031e-02,-9.017930179834365845e-02,2.606237530708312988e-01,-5.788271501660346985e-02,-1.829711496829986572e-01,-8.661483973264694214e-02,-4.034279286861419678e-02,8.013866096735000610e-02,1.194081977009773254e-01,-1.515191346406936646e-01,3.535632044076919556e-02,-6.589873880147933960e-02,2.465612441301345825e-01,4.663216695189476013e-02,-2.198294736444950104e-03,-1.499783396720886230e-01,-1.911517530679702759e-01,-2.690929174423217773e-01,9.379097819328308105e-02,-9.127497673034667969e-02,7.724878843873739243e-03,-1.996728479862213135e-01,5.996817350387573242e-02,-1.082615181803703308e-01,-5.709804594516754150e-03,7.090246677398681641e-02,7.579974830150604248e-02,7.119914144277572632e-02,-1.087817773222923279e-01,-9.592641890048980713e-02,1.157654672861099243e-01,-1.888222247362136841e-02,-2.090912871062755585e-02,-7.644838839769363403e-02,-9.709970653057098389e-02,-2.394966632127761841e-01,-1.114136502146720886e-01,2.910754382610321045e-01,-1.719963923096656799e-02,-2.151133958250284195e-03,-6.144795194268226624e-02,8.508303016424179077e-02,1.703545153141021729e-01,8.172210305929183960e-02,-1.090086922049522400e-01,-7.584089785814285278e-02,1.017506048083305359e-01,5.320130288600921631e-02,2.053424119949340820e-01,7.902344316244125366e-02,1.473679095506668091e-01,3.019452840089797974e-02,-6.447460502386093140e-02,8.659624308347702026e-02,5.710245459340512753e-04,2.587440423667430878e-02,2.400081604719161987e-01,9.837913513183593750e-02,4.852213338017463684e-02,1.494736224412918091e-01,-2.541291415691375732e-01,1.509359031915664673e-01,-1.395764797925949097e-01,-3.163264989852905273e-01,6.290531903505325317e-02,-1.762813627719879150e-01,7.165431231260299683e-02,1.072794571518898010e-01,7.000307738780975342e-02,3.277612477540969849e-02,1.582456082105636597e-01,4.984663426876068115e-02,1.881931126117706299e-01,-1.126390174031257629e-01,1.509606689214706421e-01,1.121799647808074951e-01,-1.161932274699211121e-01,2.278949916362762451e-01,5.100341141223907471e-02,-5.247300490736961365e-02,1.324127241969108582e-02,-2.180447727441787720e-01,-1.432515829801559448e-01,-1.703837811946868896e-01,-1.605588942766189575e-02,-1.416822820901870728e-01,1.263716369867324829e-01,-6.647658348083496094e-02,1.239111945033073425e-01,-6.885261833667755127e-02,8.121726661920547485e-02,1.530872881412506104e-01,1.364779919385910034e-01,-9.110079705715179443e-02,-2.817594632506370544e-02,-9.028796851634979248e-02,1.866046637296676636e-01,1.780277676880359650e-02,-2.014487795531749725e-02,-3.889934718608856201e-01,-4.161145538091659546e-02,-1.515836268663406372e-01,-1.360290348529815674e-01,-8.145730942487716675e-02,4.627414047718048096e-02,4.722379148006439209e-02,-1.543228980153799057e-02,2.178605832159519196e-02,-1.596811413764953613e-02,-2.386073470115661621e-01,-2.507336437702178955e-01,1.278282105922698975e-01,1.606521755456924438e-01,-2.790146134793758392e-02,-1.511435806751251221e-01,1.958727985620498657e-01,-2.320166081190109253e-01,1.044479385018348694e-02,-7.074589282274246216e-02,2.374118426814675331e-03,4.800613969564437866e-02,1.714306622743606567e-01,-1.294531822204589844e-01,-4.414935037493705750e-02,-8.249834179878234863e-02,1.345258206129074097e-01,-1.172913834452629089e-01,2.433045953512191772e-01,2.883200347423553467e-01,5.532225221395492554e-02,1.708063483238220215e-02,5.635309591889381409e-02,-1.290699094533920288e-01,9.202664345502853394e-02,-5.715205520391464233e-02,2.031633853912353516e-01,-1.724269427359104156e-02,-1.952131539583206177e-01,-2.769449539482593536e-02,2.748864516615867615e-02,7.530100643634796143e-02,9.291660785675048828e-02,-7.211681455373764038e-02,-7.577425241470336914e-02,-4.530532658100128174e-02,-1.664515025913715363e-02,-5.353420227766036987e-02,-1.798476874828338623e-01,-1.848647147417068481e-01,-4.945421814918518066e-01,-2.343464493751525879e-01,2.479476295411586761e-02,1.169061064720153809e-01,-1.547249406576156616e-01,7.359539717435836792e-02,1.720593869686126709e-01,1.227474808692932129e-01,-1.129872724413871765e-01,-4.610049352049827576e-02,1.207155585289001465e-01,-5.982895940542221069e-02,-4.906938225030899048e-02,9.807431697845458984e-02,1.204558387398719788e-01,-3.856287151575088501e-02,1.150093302130699158e-01,1.296273991465568542e-02,-2.100838422775268555e-01,5.382342636585235596e-02,-1.310675889253616333e-01,-3.576872870326042175e-02,6.640609353780746460e-02,1.050767824053764343e-01,-1.016449779272079468e-01,-1.812785863876342773e-02,1.202635988593101501e-01,4.413298144936561584e-02,1.409808248281478882e-01,1.333814114332199097e-01
9.515228681266307831e-03,3.322577569633722305e-03,-1.256055682897567749e-01,-1.303935050964355469e-01,-2.603891789913177490e-01,-7.894162833690643311e-02,-1.393677145242691040e-01,-2.830569446086883545e-02,-4.943233728408813477e-02,-5.207362584769725800e-03,5.183772742748260498e-02,-1.898313015699386597e-01,-4.237070083618164062e-01,-5.420834198594093323e-02,-1.974954009056091309e-01,-1.243568733334541321e-01,-6.067098677158355713e-02,-1.687696948647499084e-02,7.951451465487480164e-03,1.013778150081634521e-01,-2.241345345973968506e-01,-2.787856459617614746e-01,-1.650268584489822388e-01,-9.745516628026962280e-02,-6.845097243785858154e-02,1.695563346147537231e-01,1.501601338386535645e-01,-4.751568287611007690e-02,6.173106655478477478e-02,9.269066900014877319e-02,-5.687773972749710083e-02,-3.171496093273162842e-01,4.204199835658073425e-02,2.547519505023956299e-01,-2.758225984871387482e-02,2.984547428786754608e-02,-1.936707794666290283e-01,-2.926341295242309570e-01,-3.275005221366882324e-01,-8.432810008525848389e-02,1.708670258522033691e-01,8.399359881877899170e-02,8.894506841897964478e-02,-1.414612233638763428e-01,2.638484165072441101e-02,-9.358261525630950928e-02,-1.226525828242301941e-01,-2.875923514366149902e-01,-9.184525161981582642e-02,1.256823837757110596e-01,-9.152531623840332031e-02,1.322249509394168854e-02,-7.925216853618621826e-02,-1.415262967348098755e-01,6.719624996185302734e-02,8.222155272960662842e-02,-1.247819066047668457e-01,-1.481189429759979248e-01,-1.281102746725082397e-01,-3.384021520614624023e-01,6.254205107688903809e-02,1.052005738019943237e-01,-7.521173357963562012e-02,-2.167309224605560303e-01,6.006957497447729111e-03,5.228080600500106812e-02,4.316385462880134583e-02,1.393971890211105347e-01,8.606493473052978516e-02,-6.301276385784149170e-02,-1.521760225296020508e-02,-1.550624221563339233e-01,6.298532336950302124e-02,-2.310927025973796844e-02,1.460631042718887329e-01,-9.635040163993835449e-02,-2.676663994789123535e-01,1.130603021010756493e-03,-1.076290830969810486e-01,1.930607259273529053e-01,1.774081289768218994e-01,-7.808828353881835938e-02,-1.339256111532449722e-02,6.176052987575531006e-02,1.128786578774452209e-01,5.206776782870292664e-02,5.307374894618988037e-02,-1.663345396518707275e-01,-1.075071915984153748e-01,2.410015314817428589e-01,4.599377885460853577e-02,1.073655765503644943e-02,-5.347154662013053894e-02,-8.994860202074050903e-02,1.419472843408584595e-01,3.118809163570404053e-01,-4.785929992794990540e-02,-2.356001362204551697e-02,4.274364560842514038e-02,8.901786804199218750e-02,1.681506335735321045e-01,1.974672824144363403e-01,9.553716331720352173e-02,2.393049299716949463e-01,-2.494357526302337646e-02,1.255993992090225220e-01,-1.032196655869483948e-01,1.318429857492446899e-01,8.202877640724182129e-02,-5.470967665314674377e-02,1.184409037232398987e-01,6.672826409339904785e-02,-1.726862192153930664e-01,8.395291864871978760e-03,-5.424050241708755493e-02,-3.267552703619003296e-02,-2.954086661338806152e-01,-1.920392513275146484e-01,-5.533986166119575500e-02,-6.342440843582153320e-02,4.161363467574119568e-03,8.626720309257507324e-02,-1.708460152149200439e-01,5.009408295154571533e-02,4.121995344758033752e-02,1.000844016671180725e-01,1.442212611436843872e-01,-3.972879797220230103e-02,3.719961941242218018e-01,1.604762077331542969e-01,2.986455857753753662e-01,-8.047965168952941895e-02,1.363216489553451538e-01,1.121571362018585205e-01,-6.306441873311996460e-02,-2.344896644353866577e-01,9.976611286401748657e-02,2.315402776002883911e-02,1.543265879154205322e-01,-2.241815179586410522e-01,-1.596608757972717285e-01,-4.695431888103485107e-02,1.067980602383613586e-01,2.456968575716018677e-01,-1.221527904272079468e-01,-1.131578460335731506e-01,1.140363607555627823e-02,4.605391249060630798e-02,5.103272385895252228e-03,1.386114060878753662e-01,-5.642020702362060547e-02,1.605245657265186310e-02,1.663489965721964836e-03,8.785651624202728271e-02,-2.272407896816730499e-02,1.612475514411926270e-01,-1.292188316583633423e-01,-6.759378314018249512e-02,-1.793272793292999268e-01,-1.846599578857421875e-02,1.246420852839946747e-02,-1.542708128690719604e-01,3.932802751660346985e-02,3.085977770388126373e-02,1.739873141050338745e-01,5.838811397552490234e-02,-5.637467280030250549e-02,-1.276689469814300537e-01,-2.716304361820220947e-02,1.512286160141229630e-02,7.545572519302368164e-02,1.268944740295410156e-01,-5.255238339304924011e-02,4.917171970009803772e-02,6.866915524005889893e-02,-2.406092733144760132e-01,8.595276623964309692e-03,9.850180894136428833e-02,1.063074693083763123e-01,-1.903591156005859375e-01,1.652773618698120117e-01,1.105921268463134766e-01,-4.389355704188346863e-02,-5.401711538434028625e-02,2.604320831596851349e-02,-1.614398211240768433e-01,-2.559997737407684326e-01,1.176983192563056946e-01,-1.410117559134960175e-02,-2.343830615282058716e-01,-1.848063319921493530e-01,9.843346476554870605e-02,1.872918605804443359e-01,-1.520525962114334106e-01,-7.303321268409490585e-03,1.669101417064666748e-01,-9.796762466430664062e-02,8.010128140449523926e-02,7.243492454290390015e-02,-1.125711426138877869e-01,-8.178380131721496582e-02,4.878308624029159546e-02,1.924773901700973511e-01,-7.809601724147796631e-02,2.136734127998352051e-02,1.364071387797594070e-02,-9.234196692705154419e-02,-2.008297443389892578e-01,5.179623886942863464e-02,1.679090559482574463e-01,2.113630250096321106e-02,7.307578623294830322e-02,6.554729491472244263e-02,-7.253281772136688232e-02,8.289551734924316406e-02,-1.236515566706657410e-01,-1.588492840528488159e-01,-7.682514190673828125e-02,1.728769391775131226e-01,-2.021092623472213745e-01,-1.477553099393844604e-01,1.183270737528800964e-01,1.079424247145652771e-01,-8.797144144773483276e-02,1.382653564214706421e-01,1.161786690354347229e-01,-7.192684710025787354e-02,-8.013051003217697144e-02,1.766862571239471436e-01,-1.830391585826873779e-01,1.547706425189971924e-01,-1.148676648736000061e-01,-4.583502304740250111e-04,-9.930491447448730469e-03,2.758474647998809814e-02,-1.998697221279144287e-01,-1.479666084051132202e-01,-1.772277951240539551e-01,-4.179526120424270630e-02,-1.136084347963333130e-01,-1.476016342639923096e-01,-2.897129058837890625e-01,-6.928282231092453003e-02,-3.553625345230102539e-01,-1.201801188290119171e-02,-4.367115721106529236e-02,3.479099646210670471e-02,-1.962241232395172119e-01,5.242180824279785156e-02,-5.266462266445159912e-02,-1.253670603036880493e-01,-1.660886853933334351e-01,-1.320951525121927261e-02,-1.748038530349731445e-01,-3.096227645874023438e-01,1.030808035284280777e-02
1.928208768367767334e-01,-6.516721099615097046e-02,-2.295770682394504547e-02,1.903288364410400391e-01,-1.035259664058685303e-01,-3.422610834240913391e-02,-8.732223883271217346e-03,-2.617191970348358154e-01,-1.619053184986114502e-01,-8.399774134159088135e-02,2.842472195625305176e-01,-1.862124204635620117e-01,-9.502013027667999268e-02,1.911410391330718994e-01,1.047350019216537476e-01,8.603756874799728394e-02,1.448559612035751343e-01,-7.264496386051177979e-02,-6.162083894014358521e-02,1.030335277318954468e-01,1.122819632291793823e-01,-3.130644559860229492e-01,-1.919779479503631592e-01,-1.196343302726745605e-01,-5.737471953034400940e-02,4.306813329458236694e-02,-7.253602892160415649e-02,-1.407017856836318970e-01,-3.309417515993118286e-02,5.105384439229965210e-02,-2.051761001348495483e-02,-4.442272335290908813e-02,2.098958939313888550e-01,-3.047017455101013184e-01,-1.329227834939956665e-01,-1.234688907861709595e-01,-2.539683580398559570e-01,-1.358487457036972046e-01,-3.533875942230224609e-02,7.788966596126556396e-02,7.488005608320236206e-02,2.751299925148487091e-02,8.427667617797851562e-02,7.763550616800785065e-03,-2.427764087915420532e-01,-4.659152403473854065e-02,4.291584342718124390e-02,-2.381362468004226685e-01,-1.587164103984832764e-01,1.164532601833343506e-01,6.434602290391921997e-02,-6.943997740745544434e-02,-6.935209780931472778e-02,-1.212838739156723022e-01,-1.754262745380401611e-01,3.046999685466289520e-03,1.158771514892578125e-01,1.512949466705322266e-01,1.458297967910766602e-01,-2.122231423854827881e-01,8.433949202299118042e-02,-1.444544941186904907e-01,-1.267284154891967773e-01,-1.544272750616073608e-01,6.012223288416862488e-02,-1.187729910016059875e-01,5.130118876695632935e-02,1.263200789690017700e-01,7.727187126874923706e-02,2.333988100290298462e-01,1.544162929058074951e-01,-1.099679023027420044e-01,-1.836537756025791168e-02,3.190757930278778076e-01,1.116043329238891602e-01,1.442361325025558472e-01,2.561430931091308594e-01,5.105634033679962158e-02,-3.925528377294540405e-02,3.036478459835052490e-01,1.613967120647430420e-02,-1.528810113668441772e-01,-7.138928025960922241e-02,1.960160434246063232e-01,1.265844553709030151e-01,1.009261012077331543e-01,4.951028153300285339e-02,-8.525758236646652222e-02,6.899373978376388550e-02,-6.884812563657760620e-02,-4.472014307975769043e-02,2.256164401769638062e-01,1.919108815491199493e-02,6.148774642497301102e-03,-1.229485049843788147e-01,-4.791691899299621582e-02,-1.258096247911453247e-01,-1.401352584362030029e-01,-3.470378816127777100e-01,-1.247342005372047424e-01,2.012853026390075684e-01,1.576622873544692993e-01,-6.016610935330390930e-02,-1.170694604516029358e-01,-1.420853585004806519e-01,2.762007340788841248e-02,-4.757703095674514771e-02,7.434049248695373535e-02,-1.262833178043365479e-01,8.483765274286270142e-02,1.583693027496337891e-01,-1.677171885967254639e-02,1.081281974911689758e-01,-1.153433397412300110e-01,-2.611667513847351074e-01,1.578783383592963219e-03,-5.817553028464317322e-02,9.860709309577941895e-02,-7.535387575626373291e-02,-1.787160187959671021e-01,-3.089798390865325928e-01,1.037781313061714172e-02,-6.202431023120880127e-02,1.718672364950180054e-02,-9.124610573053359985e-03,1.098666265606880188e-01,1.286855041980743408e-01,5.141406133770942688e-02,-6.467061489820480347e-02,-1.060154568403959274e-02,-1.813613921403884888e-01,1.802270114421844482e-01,1.916985660791397095e-01,2.298001497983932495e-01,1.123199984431266785e-01,1.112261638045310974e-01,1.862330548465251923e-02,2.277694642543792725e-01,7.508637011051177979e-02,-3.242671489715576172e-02,-2.270162552595138550e-01,-3.913243114948272705e-02,1.599463075399398804e-01,2.081647068262100220e-01,-1.179951876401901245e-01,1.616955734789371490e-02,3.543008863925933838e-02,1.954159885644912720e-01,5.764451250433921814e-02,5.764110386371612549e-02,-8.018258213996887207e-02,1.251374930143356323e-01,8.332920819520950317e-02,-9.528914093971252441e-02,-1.402789913117885590e-02,-5.205823108553886414e-03,1.757243415340781212e-03,1.344243064522743225e-02,-1.257751435041427612e-01,-6.056475639343261719e-02,-1.890132576227188110e-01,9.318734519183635712e-03,-6.848688703030347824e-03,2.002798169851303101e-01,-9.315668605268001556e-03,-8.298849314451217651e-02,-2.062053233385086060e-02,-1.947747170925140381e-02,-1.222514212131500244e-01,-2.240141332149505615e-01,-5.574898049235343933e-02,2.596106193959712982e-02,1.111928522586822510e-01,4.011571034789085388e-02,-7.452376652508974075e-03,-4.563440009951591492e-02,3.552444875240325928e-01,8.045241981744766235e-02,5.990563705563545227e-02,5.443208664655685425e-02,-2.085834890604019165e-01,-5.122904106974601746e-02,-8.786046877503395081e-03,-1.252545267343521118e-01,-9.856130182743072510e-02,3.445889055728912354e-02,1.611968278884887695e-01,-1.830796301364898682e-01,4.867481440305709839e-02,-4.124659299850463867e-02,-1.399040222167968750e-01,-1.376589238643646240e-01,3.048468008637428284e-02,4.841352626681327820e-02,5.890542268753051758e-02,2.264854460954666138e-01,4.477336257696151733e-02,-1.176565438508987427e-01,1.123781576752662659e-01,2.121309340000152588e-01,7.527660578489303589e-02,-2.286800369620323181e-02,3.663721680641174316e-02,1.970232650637626648e-02,9.361758828163146973e-02,9.340973198413848877e-02,-4.393592104315757751e-02,-3.131376579403877258e-02,4.088148474693298340e-02,5.830073729157447815e-02,-2.867399528622627258e-02,-5.550476163625717163e-02,-7.909367233514785767e-02,-7.210137695074081421e-02,-6.497355550527572632e-02,5.967331677675247192e-02,-4.576430842280387878e-02,2.994635403156280518e-01,3.823047131299972534e-02,8.717825636267662048e-03,-4.673802852630615234e-02,1.540985107421875000e-01,-1.444286759942770004e-02,-1.987757533788681030e-01,6.882231682538986206e-02,1.139019131660461426e-01,3.242039307951927185e-02,1.453365534543991089e-01,-1.245922520756721497e-01,-2.726433984935283661e-02,-1.539938151836395264e-01,-7.139057666063308716e-02,3.862621635198593140e-02,-6.077072396874427795e-02,2.477172063663601875e-03,1.348664797842502594e-02,8.106683194637298584e-02,1.157656684517860413e-01,-1.287738978862762451e-01,-2.265990711748600006e-02,5.649503692984580994e-02,1.941866427659988403e-01,1.147563308477401733e-01,-7.199897617101669312e-02,-4.774450883269309998e-02,4.735827445983886719e-03,-3.308137953281402588e-01,7.565234601497650146e-02,-8.042838424444198608e-02,-3.800454735755920410e-02,1.722490489482879639e-01,-9.399434179067611694e-02,-1.114731058478355408e-01,-6.761406362056732178e-02,4.123939288547262549e-05,9.459060616791248322e-03
-1.724165976047515869e-01,-3.382880985736846924e-02,-1.065271347761154175e-01,-6.012355908751487732e-02,-1.620516739785671234e-02,8.162548393011093140e-02,-2.134096994996070862e-02,1.024184376001358032e-01,-1.796039044857025146e-01,2.593627572059631348e-02,-3.826216608285903931e-02,7.036338001489639282e-02,-1.036317273974418640e-01,9.271876513957977295e-02,-9.835825115442276001e-02,-2.070743590593338013e-01,-1.050337925553321838e-01,-3.621541857719421387e-01,1.957029551267623901e-01,3.536449745297431946e-02,5.991565063595771790e-02,-7.920904457569122314e-02,-3.268043696880340576e-02,1.215772032737731934e-01,7.605666667222976685e-02,2.287846058607101440e-01,-1.804757416248321533e-01,-8.458840101957321167e-02,-2.089219540357589722e-01,4.683521389961242676e-02,-6.827364861965179443e-02,3.740223497152328491e-02,-3.184932097792625427e-02,-3.621712625026702881e-01,-2.425208389759063721e-01,-1.244240924715995789e-01,1.392419040203094482e-01,1.291242688894271851e-01,8.217288553714752197e-02,5.118088424205780029e-02,6.026044487953186035e-02,7.933659851551055908e-02,-1.120069772005081177e-01,-2.893129363656044006e-02,-7.617590576410293579e-02,-5.522555857896804810e-02,-9.941221773624420166e-02,1.464203894138336182e-01,5.351604428142309189e-03,-4.447565972805023193e-01,3.017712943255901337e-02,-2.353321909904479980e-01,2.091710083186626434e-02,2.664083838462829590e-01,1.195746511220932007e-01,1.933328807353973389e-01,1.469585895538330078e-01,7.919768989086151123e-02,1.432653069496154785e-01,1.345282346010208130e-01,-1.266410797834396362e-01,-1.479598432779312134e-01,-3.609473109245300293e-01,2.324625402688980103e-01,2.624765224754810333e-02,-7.302165776491165161e-02,-2.669577300548553467e-02,5.640580132603645325e-02,-6.795885413885116577e-02,-3.023606836795806885e-01,-1.567632853984832764e-01,-1.441126912832260132e-01,4.796816408634185791e-02,2.417457103729248047e-01,1.914404481649398804e-01,5.040218681097030640e-02,-7.539368420839309692e-02,1.352487653493881226e-01,-7.644283771514892578e-02,-1.851757168769836426e-01,-1.169027611613273621e-01,5.715191736817359924e-02,-5.139167979359626770e-02,1.394689977169036865e-01,-4.403745755553245544e-02,-6.662225723266601562e-02,1.074463352560997009e-01,8.095250464975833893e-03,-1.616330295801162720e-01,2.901749312877655029e-01,-1.056470200419425964e-01,-1.494483798742294312e-01,1.896652430295944214e-01,6.144299730658531189e-02,2.401402965188026428e-02,1.233977824449539185e-01,1.317378282546997070e-01,-8.934778720140457153e-02,7.689241319894790649e-02,-3.412319421768188477e-01,-1.821117848157882690e-02,1.591828316450119019e-01,1.126308813691139221e-01,9.524428099393844604e-02,-7.743114978075027466e-02,-2.480770088732242584e-02,-1.181894689798355103e-01,-1.855435818433761597e-01,2.131193876266479492e-02,-2.242564707994461060e-01,-1.739511452615261078e-02,1.448543667793273926e-01,1.348706036806106567e-01,-1.149053722620010376e-01,1.736533045768737793e-01,-1.677240580320358276e-01,5.578323826193809509e-02,1.861728578805923462e-01,1.935962960124015808e-02,-2.075192928314208984e-01,-9.172066301107406616e-02,-1.606963202357292175e-02,7.879066467285156250e-02,-1.556142047047615051e-02,-2.122055888175964355e-01,-4.468059241771697998e-01,-3.224991559982299805e-01,1.479342579841613770e-01,-7.970263250172138214e-03,1.626855731010437012e-01,-1.830544769763946533e-01,2.677331864833831787e-01,1.243182867765426636e-01,-7.970833778381347656e-02,-1.115078926086425781e-01,-1.150121390819549561e-01,1.740836650133132935e-01,1.923158764839172363e-01,-7.153168320655822754e-02,-8.028994500637054443e-02,1.399213969707489014e-01,2.352064400911331177e-01,-8.629794418811798096e-02,7.464772462844848633e-02,-1.332815885543823242e-01,-1.746852397918701172e-01,-1.887648850679397583e-01,2.922994270920753479e-02,1.486242562532424927e-01,-8.165231347084045410e-02,9.692334569990634918e-03,-9.028015285730361938e-02,6.716456729918718338e-03,2.871706895530223846e-02,-2.773877233266830444e-02,-3.387716060387901962e-05,1.256397366523742676e-01,-2.166321128606796265e-01,3.826645761728286743e-02,1.782274059951305389e-02,-1.361429877579212189e-02,4.236944392323493958e-02,-1.269871294498443604e-01,-1.491072177886962891e-01,-1.197873875498771667e-01,-1.698540151119232178e-01,6.692758202552795410e-02,5.389055609703063965e-02,-1.400423943996429443e-01,-1.075004786252975464e-01,-2.122700534528121352e-04,1.150206997990608215e-01,2.313090302050113678e-02,-1.209755614399909973e-01,2.031830251216888428e-01,-7.612884789705276489e-02,2.743890881538391113e-01,7.114342600107192993e-02,-2.132486552000045776e-02,-1.277250354178249836e-03,-2.921714633703231812e-02,3.187073022127151489e-02,1.171021312475204468e-01,-1.318846940994262695e-01,-1.319474130868911743e-01,-5.773289874196052551e-02,5.119180679321289062e-02,6.919973343610763550e-02,-2.170219421386718750e-01,3.986296430230140686e-02,1.940093934535980225e-01,-5.911075323820114136e-02,2.283815667033195496e-02,7.857769727706909180e-02,-2.699700593948364258e-01,-2.190106064081192017e-01,1.720328778028488159e-01,6.496030092239379883e-02,1.014669537544250488e-01,8.920700848102569580e-02,1.508561074733734131e-01,3.332615792751312256e-01,-1.687514185905456543e-01,1.082788035273551941e-01,-1.904978305101394653e-01,-3.072752244770526886e-02,-6.776794046163558960e-02,-6.570719182491302490e-02,-4.439533948898315430e-01,-1.268548965454101562e-01,-4.285317361354827881e-01,-3.277435898780822754e-02,-1.120708733797073364e-01,5.292738322168588638e-03,1.926558017730712891e-01,1.214698422700166702e-03,1.722627878189086914e-02,-1.443216502666473389e-01,-5.637158155441284180e-01,4.976016655564308167e-02,6.597271561622619629e-02,-1.292915195226669312e-01,-1.403786540031433105e-01,7.490850239992141724e-02,-2.436195909976959229e-01,-3.662338852882385254e-02,-4.941920340061187744e-01,-2.781548351049423218e-02,-4.322030395269393921e-02,-2.388612926006317139e-01,8.263726532459259033e-02,-1.100414022803306580e-01,6.355972588062286377e-02,-9.758192300796508789e-02,-2.586696445941925049e-01,-1.816842555999755859e-01,-3.004961311817169189e-01,-2.409205213189125061e-02,-5.203948169946670532e-02,-3.178050741553306580e-02,-2.918970286846160889e-01,-2.933824248611927032e-02,-1.228821426630020142e-01,-5.324979126453399658e-02,6.118718534708023071e-02,-2.149637639522552490e-01,2.498419135808944702e-01,1.209628731012344360e-01,-5.412471294403076172e-02,-1.708657443523406982e-01,-3.975044190883636475e-01,-1.424788236618041992e-01,-3.048531115055084229e-01,-8.437885344028472900e-02,6.541290879249572754e-02,4.046415165066719055e-02
-2.794126868247985840e-01,-5.856836214661598206e-02,-9.960117191076278687e-02,-1.346828490495681763e-01,-5.206234380602836609e-02,3.721260651946067810e-02,1.732032299041748047e-01,4.908501729369163513e-02,3.505479916930198669e-02,-9.891485422849655151e-02,-2.250619679689407349e-01,1.334280520677566528e-01,2.923125624656677246e-01,-1.946393516846001148e-03,-3.663375601172447205e-02,-1.240801885724067688e-01,-1.757299154996871948e-01,-1.020401492714881897e-01,-8.482379466295242310e-02,-1.626783311367034912e-01,-5.153385549783706665e-02,4.685783758759498596e-02,3.857165575027465820e-03,-8.537799119949340820e-02,3.442210704088211060e-02,1.598897278308868408e-01,9.317217394709587097e-03,-1.141761895269155502e-02,1.077652052044868469e-01,-1.215003896504640579e-02,1.935001611709594727e-01,2.006379887461662292e-02,3.908502310514450073e-02,-2.015995234251022339e-01,1.010346487164497375e-01,-1.934947073459625244e-01,-2.216721475124359131e-01,1.979137584567070007e-02,-1.302852481603622437e-01,-1.951054483652114868e-01,5.941387265920639038e-03,1.138040646910667419e-01,2.813343331217765808e-02,-1.372459083795547485e-01,-1.054696589708328247e-01,-1.890020221471786499e-01,-9.135710448026657104e-02,-1.952607271960005164e-04,5.264798924326896667e-02,-1.143249794840812683e-01,1.866977512836456299e-01,3.670729324221611023e-02,-2.286904752254486084e-01,4.769537970423698425e-02,-3.112011253833770752e-01,-1.277356147766113281e-01,2.859223820269107819e-02,2.228773236274719238e-01,2.359200716018676758e-01,-1.501302868127822876e-01,2.232148200273513794e-01,-2.185429185628890991e-01,-5.052642151713371277e-02,9.270872175693511963e-02,-1.559160053730010986e-01,6.894984096288681030e-02,-5.046783760190010071e-02,-1.564365252852439880e-02,6.073348596692085266e-02,-1.354231834411621094e-01,-1.284120231866836548e-02,-1.360282152891159058e-01,6.507871299982070923e-02,2.861980795860290527e-01,8.673910982906818390e-03,-4.897355288267135620e-02,7.097017765045166016e-02,1.520366519689559937e-01,-9.443604946136474609e-02,-1.665849834680557251e-01,3.390108176972717047e-04,1.316362470388412476e-01,5.047244578599929810e-02,-2.565870760008692741e-03,-1.385192871093750000e-01,-7.536964118480682373e-02,-5.758661031723022461e-02,-9.171730838716030121e-03,2.429132163524627686e-02,-2.846580464392900467e-03,1.290386021137237549e-01,7.010784745216369629e-02,-7.887385785579681396e-02,2.484818547964096069e-01,6.974539160728454590e-02,-1.225628629326820374e-01,3.211069703102111816e-01,-1.435882896184921265e-01,2.389026572927832603e-03,-1.662506610155105591e-01,1.970111429691314697e-01,1.934325844049453735e-01,-1.781759858131408691e-01,-3.908504918217658997e-02,1.070301514118909836e-02,-4.037471488118171692e-02,1.661747246980667114e-01,-1.122789531946182251e-01,-5.613945424556732178e-02,9.670215100049972534e-02,1.682779192924499512e-01,1.503638327121734619e-01,6.319494545459747314e-02,1.820725202560424805e-02,3.118250519037246704e-02,-1.308443397283554077e-01,4.192485660314559937e-02,9.475805610418319702e-02,-1.755663454532623291e-01,-1.678079962730407715e-01,-1.546050906181335449e-01,6.050455570220947266e-02,8.516722172498703003e-02,3.725884109735488892e-02,-1.346894633024930954e-02,-3.406817317008972168e-01,-2.031331807374954224e-01,2.538658380508422852e-01,1.122532486915588379e-01,1.622333563864231110e-02,-8.242402970790863037e-02,6.806899607181549072e-02,4.073145240545272827e-02,-1.245050504803657532e-01,6.133279949426651001e-02,-1.808383464813232422e-01,-4.420919716358184814e-01,1.100994423031806946e-01,-1.677664369344711304e-01,5.420766770839691162e-02,7.952468097209930420e-02,1.706099063158035278e-01,2.156081199645996094e-01,-6.803201884031295776e-02,-9.212961047887802124e-02,1.107216626405715942e-01,-9.863376617431640625e-02,-3.588664112612605095e-03,6.097140721976757050e-04,1.153132691979408264e-01,3.173283766955137253e-03,-2.116267196834087372e-02,1.067381873726844788e-01,2.369588008150458336e-03,-2.396827191114425659e-01,5.988834053277969360e-02,3.907366842031478882e-02,3.740017116069793701e-02,-1.637706905603408813e-01,1.524700550362467766e-03,-1.810588389635086060e-01,6.416016072034835815e-02,-1.897521317005157471e-01,-5.928519368171691895e-02,7.976239919662475586e-02,6.512761581689119339e-03,-5.682965740561485291e-02,1.779716908931732178e-01,-1.337224096059799194e-01,5.267015472054481506e-02,-2.308875024318695068e-01,1.606814265251159668e-01,2.285600081086158752e-02,-2.541384845972061157e-02,3.896250575780868530e-02,6.074620038270950317e-02,7.297354936599731445e-02,-1.101544350385665894e-01,9.390217810869216919e-02,9.075119346380233765e-02,1.783014684915542603e-01,3.556190431118011475e-02,5.963231995701789856e-02,3.816509991884231567e-02,4.149040207266807556e-02,-8.617155253887176514e-02,2.306060642004013062e-01,3.992045670747756958e-02,1.577801257371902466e-01,5.334002152085304260e-02,4.478082526475191116e-03,7.110182195901870728e-02,2.642740011215209961e-01,3.327814340591430664e-01,4.064814001321792603e-02,-1.125079169869422913e-01,6.095620244741439819e-02,3.389649093151092529e-02,-4.389898478984832764e-02,-5.031995102763175964e-02,-9.447947889566421509e-02,8.029726147651672363e-02,-2.354906499385833740e-01,1.491828858852386475e-01,-1.471492499113082886e-01,-1.198406368494033813e-01,4.019289836287498474e-02,-3.363759070634841919e-02,-2.506862282752990723e-01,-1.365623809397220612e-02,-4.113936424255371094e-01,9.778076410293579102e-02,1.485528945922851562e-01,-4.018548503518104553e-02,4.404302686452865601e-02,-6.599462032318115234e-02,-1.579342186450958252e-01,9.173013269901275635e-03,-2.482008486986160278e-01,3.465905413031578064e-02,6.678494065999984741e-02,1.454536914825439453e-01,1.546834856271743774e-01,3.357575833797454834e-02,-2.495090290904045105e-02,2.273919619619846344e-02,2.257582843303680420e-01,-7.772359997034072876e-02,-4.415678977966308594e-02,1.552690267562866211e-01,2.124572247266769409e-01,4.487113654613494873e-02,1.368537843227386475e-01,-2.108098268508911133e-01,-1.664510965347290039e-01,9.552375972270965576e-02,-1.825520247220993042e-01,-1.173042953014373779e-01,3.308394923806190491e-02,-4.760090727359056473e-03,1.875462755560874939e-02,6.750638037919998169e-02,2.334741353988647461e-01,-4.560786858201026917e-02,-6.033602356910705566e-02,1.744372993707656860e-01,6.077688932418823242e-02,1.234270259737968445e-01,8.513883501291275024e-02,1.554144620895385742e-01,1.077316552400588989e-01,4.838760197162628174e-02,-2.657187171280384064e-02,1.554681211709976196e-01,3.110442124307155609e-02,-1.013625860214233398e-01
4.473361372947692871e-02,3.934370279312133789e-01,-1.251608505845069885e-02,1.076851487159729004e-01,1.017298400402069092e-01,-3.666499257087707520e-02,1.168324574828147888e-01,2.917724251747131348e-01,1.205321401357650757e-01,-9.983292222023010254e-02,-1.384188234806060791e-01,1.427986323833465576e-01,-2.800624668598175049e-01,2.045869231224060059e-01,1.643436104059219360e-01,-3.590643778443336487e-02,-1.907716393470764160e-01,1.025056093931198120e-01,1.143348123878240585e-02,-8.574240654706954956e-02,7.345192879438400269e-02,2.622915506362915039e-01,5.493680760264396667e-02,2.338493317365646362e-01,-2.254221122711896896e-03,2.241629175841808319e-02,-3.683589398860931396e-02,7.335959374904632568e-02,1.925853490829467773e-01,-1.093044504523277283e-01,-7.819557934999465942e-02,8.355676382780075073e-02,-2.210209071636199951e-01,-2.009911388158798218e-01,-1.348308175802230835e-01,-1.481390148401260376e-01,1.317314058542251587e-01,1.070759668946266174e-01,1.791684627532958984e-01,6.800525635480880737e-02,-4.509861767292022705e-02,6.919854134321212769e-02,-1.070896536111831665e-01,-9.232265502214431763e-02,2.536118328571319580e-01,6.245953589677810669e-02,-2.246138006448745728e-01,3.850144147872924805e-02,-2.582362890243530273e-01,-2.395243942737579346e-01,-1.466376036405563354e-01,-1.009144261479377747e-01,-6.756767630577087402e-02,-1.051868051290512085e-01,-5.205503851175308228e-02,-5.241336673498153687e-02,-5.289528891444206238e-02,-7.601390033960342407e-02,-5.961836315691471100e-03,-1.201607435941696167e-01,1.228847950696945190e-01,-3.266655802726745605e-01,-7.440402358770370483e-02,-1.090033799409866333e-01,-4.325776174664497375e-02,1.938067525625228882e-01,-4.531193524599075317e-02,-7.326297461986541748e-02,3.153273463249206543e-02,-2.387314885854721069e-01,3.644517064094543457e-02,2.660850994288921356e-02,8.791635185480117798e-02,4.846014454960823059e-02,6.233870238065719604e-02,1.871871575713157654e-02,5.381317436695098877e-02,-3.001210046932101250e-03,5.263461545109748840e-02,-2.817538380622863770e-01,6.395294517278671265e-02,1.651934683322906494e-01,1.118372529745101929e-01,1.527309566736221313e-01,-2.835662961006164551e-01,3.665428236126899719e-02,2.360453363507986069e-03,-4.150168970227241516e-02,9.472136944532394409e-02,6.047736853361129761e-02,8.819488435983657837e-02,-1.440861225128173828e-01,5.162109434604644775e-02,-7.432696223258972168e-02,-3.381101414561271667e-02,-1.958779394626617432e-01,3.968459367752075195e-02,-7.562179863452911377e-02,-7.722224108874797821e-03,-3.362945094704627991e-02,-9.381181001663208008e-02,1.709480732679367065e-01,-2.331341654062271118e-01,-6.139351427555084229e-02,1.717902123928070068e-01,1.724419891834259033e-01,-5.841576680541038513e-02,1.825717464089393616e-02,1.330761313438415527e-01,-4.437481611967086792e-02,-2.443296462297439575e-02,-1.569636911153793335e-01,-2.325922809541225433e-02,-1.619407981634140015e-01,2.649195864796638489e-02,-4.734470695257186890e-02,-2.122216857969760895e-02,-1.045300811529159546e-01,-3.306492418050765991e-02,-2.716751098632812500e-01,-4.563106968998908997e-02,8.019271492958068848e-02,-3.374994173645973206e-02,-2.824515663087368011e-02,1.153895258903503418e-02,6.082648411393165588e-02,2.928980812430381775e-02,3.043645061552524567e-02,2.850474417209625244e-01,-1.798782125115394592e-02,1.376634985208511353e-01,2.126532495021820068e-01,-2.101242393255233765e-01,-9.972921758890151978e-02,-1.165406554937362671e-01,-1.813990175724029541e-01,-1.364255696535110474e-01,-2.541170418262481689e-01,2.759836316108703613e-01,-1.400440633296966553e-01,-1.607686430215835571e-01,8.781188726425170898e-02,-1.596007496118545532e-02,1.155873611569404602e-01,9.964352101087570190e-02,-2.535844407975673676e-02,-9.804507344961166382e-02,1.093874350190162659e-01,-3.954301401972770691e-02,-3.015466928482055664e-01,-2.200810164213180542e-01,-1.247437670826911926e-01,1.472888886928558350e-01,9.615357965230941772e-02,3.032644279301166534e-02,-1.130604818463325500e-01,-1.712286025285720825e-01,-7.545369118452072144e-02,-1.358583271503448486e-01,-1.560028940439224243e-01,1.661673188209533691e-01,-4.280477017164230347e-02,4.239170346409082413e-03,-9.290088713169097900e-02,-2.500736117362976074e-01,-1.234935820102691650e-01,-5.486982315778732300e-02,-1.701277941465377808e-01,-2.215005829930305481e-02,-1.343795359134674072e-01,-1.254440993070602417e-01,9.398299455642700195e-02,1.438896264880895615e-02,5.776074249297380447e-03,8.383221924304962158e-02,2.585328184068202972e-02,1.329530924558639526e-01,-1.822428256273269653e-01,-7.811696082353591919e-02,6.752113997936248779e-02,3.872658312320709229e-02,-1.417325884103775024e-01,2.005171962082386017e-02,-1.401255726814270020e-01,-2.288806289434432983e-01,-1.550161242485046387e-01,-2.995398938655853271e-01,-2.315553836524486542e-03,-3.018639422953128815e-02,1.854873448610305786e-02,-1.738246530294418335e-01,4.747048392891883850e-02,3.093807399272918701e-01,-9.149252623319625854e-02,1.386691480875015259e-01,-3.369447588920593262e-01,-9.046636521816253662e-02,1.567913591861724854e-01,-8.672035485506057739e-02,-2.436047941446304321e-01,-2.621300816535949707e-01,-3.568413481116294861e-02,5.499615892767906189e-02,-1.395890414714813232e-01,-8.457958698272705078e-03,-1.393194198608398438e-01,1.009119004011154175e-01,1.460841000080108643e-01,6.233848165720701218e-03,-2.455395013093948364e-01,-1.424218416213989258e-01,-1.198989972472190857e-01,1.229789480566978455e-01,2.064911834895610809e-02,-1.294035911560058594e-01,-1.403089314699172974e-01,4.621456563472747803e-02,-1.668371073901653290e-02,-1.185429841279983521e-01,-1.856327056884765625e-02,-1.673010885715484619e-01,5.229303147643804550e-03,-8.968025445938110352e-02,1.184633299708366394e-01,-8.770429342985153198e-02,2.006014734506607056e-01,-1.060477867722511292e-01,-7.989608496427536011e-02,-6.134519726037979126e-02,-2.762253582477569580e-01,9.747429192066192627e-02,-4.779007576871663332e-04,-4.391998052597045898e-02,-2.640890777111053467e-01,-1.769493222236633301e-01,7.095763832330703735e-02,-1.406850814819335938e-01,6.316068023443222046e-02,-8.185056038200855255e-03,1.091049909591674805e-01,9.514469653367996216e-02,-3.648680746555328369e-01,6.175049347802996635e-04,-1.965582370758056641e-02,-3.055906295776367188e-02,1.665576174855232239e-02,1.868525147438049316e-01,2.081313729286193848e-01,5.458061397075653076e-02,-3.106379210948944092e-01,-2.370893806219100952e-01,2.964770980179309845e-02,-1.262901872396469116e-01,-7.758729904890060425e-02,-3.627356886863708496e-02,1.727505177259445190e-01
-4.091707232873886824e-04,-2.223248332738876343e-01,1.162596791982650757e-01,-2.942101657390594482e-01,-2.467970550060272217e-01,1.818128526210784912e-01,1.152327284216880798e-01,2.080561667680740356e-01,-1.163642928004264832e-01,2.136903256177902222e-01,-4.686444997787475586e-02,-8.894454687833786011e-02,1.841274648904800415e-01,-1.670610159635543823e-01,-8.831328712403774261e-03,4.661528021097183228e-02,1.467460244894027710e-01,-5.784646272659301758e-01,1.645644456148147583e-01,-1.348501294851303101e-01,-3.434310257434844971e-01,1.186607182025909424e-01,7.325667142868041992e-02,2.744722738862037659e-02,-2.165893614292144775e-01,-7.740133255720138550e-02,2.096495330333709717e-01,5.019644647836685181e-02,8.469745516777038574e-03,-2.439513951539993286e-01,-2.522463500499725342e-01,1.822443902492523193e-01,-1.373835802078247070e-01,-3.633886873722076416e-01,-1.120428442955017090e-01,-4.918079078197479248e-02,5.637307837605476379e-02,-4.175089672207832336e-02,-2.039323598146438599e-01,2.265136875212192535e-02,-1.225979477167129517e-01,-1.793888360261917114e-01,4.133635386824607849e-02,8.944690227508544922e-02,-1.266307570040225983e-02,-1.690726280212402344e-01,-7.217678427696228027e-02,3.919813036918640137e-02,8.729958534240722656e-02,-3.466165065765380859e-01,-8.258575946092605591e-02,4.016020148992538452e-02,2.168184518814086914e-01,3.656779602169990540e-02,-1.248107701539993286e-01,8.879568427801132202e-02,-1.376213729381561279e-01,-2.332524582743644714e-02,-7.366513460874557495e-02,9.719037450850009918e-03,-1.689744591712951660e-01,-3.421294316649436951e-02,-2.674703896045684814e-01,1.084466129541397095e-01,-4.241099581122398376e-02,-2.294104546308517456e-01,2.988578975200653076e-01,5.546988919377326965e-02,-1.570456624031066895e-01,1.964800357818603516e-01,2.207565866410732269e-02,-5.616996437311172485e-02,1.321201175451278687e-01,-4.987470060586929321e-02,-3.683424741029739380e-02,1.343930810689926147e-01,7.511240988969802856e-02,-1.057417392730712891e-01,8.309856057167053223e-02,1.359037458896636963e-01,1.797531247138977051e-01,3.455921635031700134e-02,1.452660709619522095e-01,4.415781050920486450e-02,-1.564024835824966431e-01,1.439835578203201294e-01,-1.356258690357208252e-01,-1.552028805017471313e-01,-5.694948881864547729e-02,-3.405049815773963928e-02,1.077019516378641129e-02,-2.275077700614929199e-01,5.358406901359558105e-02,1.137024238705635071e-01,1.652722954750061035e-01,-4.513574391603469849e-02,-8.016026020050048828e-02,-1.410369127988815308e-01,-1.623740792274475098e-01,1.430096197873353958e-02,-2.251573055982589722e-01,2.026575058698654175e-01,1.459284499287605286e-02,4.708361625671386719e-02,1.386244595050811768e-01,-1.139858141541481018e-01,-1.153251063078641891e-02,-9.946905076503753662e-02,-1.881078332662582397e-01,7.650240510702133179e-02,4.205010086297988892e-02,8.600568771362304688e-02,-1.071071028709411621e-01,-4.630697425454854965e-03,9.677708148956298828e-02,-6.220331415534019470e-02,-6.343121826648712158e-02,-8.223846554756164551e-03,8.058733493089675903e-02,-3.778215870261192322e-02,6.103728711605072021e-02,3.443658724427223206e-02,1.228804290294647217e-01,7.160288840532302856e-02,-1.063973903656005859e-01,6.394108757376670837e-03,3.373781219124794006e-02,1.234317272901535034e-01,8.184138685464859009e-02,2.518612891435623169e-02,3.049656935036182404e-02,1.975217908620834351e-01,-7.721084356307983398e-02,-1.053367555141448975e-01,-4.756052978336811066e-03,-1.466706097126007080e-01,7.861396670341491699e-02,4.698790982365608215e-02,9.442189335823059082e-02,-1.504249405115842819e-02,-3.152176737785339355e-01,2.616092562675476074e-01,-2.209438979625701904e-01,1.138799935579299927e-01,2.252963781356811523e-01,2.371292710304260254e-01,-1.051868796348571777e-01,9.564844518899917603e-02,6.488274037837982178e-02,5.213589873164892197e-03,3.929775580763816833e-02,-1.033239588141441345e-01,1.256627589464187622e-01,1.889814436435699463e-02,1.104522570967674255e-01,-1.102970913052558899e-01,-2.268916554749011993e-02,1.070881336927413940e-01,1.799392141401767731e-02,-3.947245702147483826e-02,1.244792155921459198e-02,-8.390550315380096436e-02,-9.711810946464538574e-02,1.620597988367080688e-01,-2.041119039058685303e-01,5.872621759772300720e-02,-1.460194587707519531e-01,-1.357793509960174561e-01,1.572784632444381714e-01,-2.705290913581848145e-01,-1.482868343591690063e-01,-1.801927573978900909e-02,-9.749037213623523712e-03,-3.482895717024803162e-02,1.831079646944999695e-02,-2.498603910207748413e-01,-1.618584096431732178e-01,7.452505826950073242e-02,-1.459996551275253296e-01,-7.793288677930831909e-02,-6.067517027258872986e-02,-8.204936981201171875e-02,1.325099021196365356e-01,-9.877651184797286987e-02,1.007083803415298462e-01,2.411463409662246704e-01,-7.973227649927139282e-02,-3.352655768394470215e-01,8.931339532136917114e-02,-1.290737744420766830e-02,2.086020559072494507e-01,-2.748889327049255371e-01,6.047531217336654663e-02,-8.879338204860687256e-02,-1.053490415215492249e-01,1.006777286529541016e-01,1.467291824519634247e-02,-7.105354219675064087e-02,1.563372164964675903e-01,1.487371511757373810e-02,1.783218048512935638e-02,-9.043385833501815796e-02,6.790419667959213257e-02,1.381350606679916382e-01,-1.918307244777679443e-01,1.143720895051956177e-01,1.095247454941272736e-02,1.323012858629226685e-01,-7.673574984073638916e-02,-1.002730894833803177e-02,-1.503202468156814575e-01,-7.077820599079132080e-02,1.201097071170806885e-01,-9.683346003293991089e-02,-9.420813620090484619e-02,6.993079185485839844e-02,1.589422374963760376e-01,9.368118643760681152e-02,-1.433550864458084106e-01,1.576196700334548950e-01,2.170104905962944031e-02,3.839428722858428955e-02,1.404982060194015503e-01,-2.151540070772171021e-01,-7.735523581504821777e-02,-2.718972600996494293e-02,1.230857744812965393e-01,5.727817490696907043e-02,-1.436929404735565186e-01,-2.823763787746429443e-01,1.025359332561492920e-02,-1.150757223367691040e-01,-2.486897706985473633e-01,-4.418443515896797180e-02,-1.256965696811676025e-01,2.607238013297319412e-03,1.981915235519409180e-01,5.466668680310249329e-02,-9.130810387432575226e-03,-3.282361328601837158e-01,8.301313966512680054e-02,1.676968783140182495e-01,1.890516430139541626e-01,1.806812286376953125e-01,-1.266641467809677124e-01,-1.138996258378028870e-01,1.890639960765838623e-01,-2.927745580673217773e-01,-1.360777914524078369e-01,9.594945237040519714e-03,-1.585691422224044800e-01,-4.485057294368743896e-01,7.230040617287158966e-03,4.163385927677154541e-02,8.241922408342361450e-02,4.015095066279172897e-03
-6.338750571012496948e-02,-1.942329481244087219e-02,1.821292787790298462e-01,-5.713331978768110275e-03,2.087885439395904541e-01,-1.492684334516525269e-01,-2.716601192951202393e-01,1.252479967661201954e-03,-9.745834767818450928e-02,1.047792062163352966e-01,4.162815958261489868e-02,-4.692161455750465393e-02,-1.326580196619033813e-01,2.182784378528594971e-01,-1.902392320334911346e-02,-1.025319844484329224e-01,3.977971524000167847e-02,1.080766096711158752e-01,2.587304115295410156e-01,1.151504591107368469e-01,-6.726078689098358154e-03,-2.009797282516956329e-02,-8.834283798933029175e-02,-2.257347106933593750e-02,-3.704928979277610779e-02,-2.621651291847229004e-01,1.271349284797906876e-02,-1.626264750957489014e-01,-3.331927061080932617e-01,-1.132265897467732430e-03,1.249528229236602783e-01,-1.083388254046440125e-01,7.212237268686294556e-02,-4.087787866592407227e-01,-4.978336393833160400e-02,1.659309491515159607e-02,-5.224566161632537842e-02,6.159070879220962524e-02,-5.110023543238639832e-02,-1.607165783643722534e-01,1.140724569559097290e-01,-2.139541087672114372e-03,-8.078378438949584961e-02,-2.006442993879318237e-01,-1.090310886502265930e-01,2.046578824520111084e-01,1.511868089437484741e-01,-1.670064777135848999e-02,2.648083865642547607e-02,-2.717129290103912354e-01,-7.119248062372207642e-02,-1.685978621244430542e-01,-9.236158430576324463e-02,1.624767631292343140e-01,-1.631655842065811157e-01,-1.255217343568801880e-01,1.127913445234298706e-01,1.339261829853057861e-01,1.899734139442443848e-01,-8.457703888416290283e-02,-4.540197923779487610e-02,1.506653726100921631e-01,1.297004073858261108e-01,2.174833714962005615e-01,2.260715141892433167e-02,2.039742320775985718e-01,1.823629140853881836e-01,9.366525709629058838e-02,-2.803741395473480225e-01,-2.531534731388092041e-01,-1.094338148832321167e-01,-1.339878886938095093e-02,8.610510081052780151e-02,1.510657519102096558e-01,-1.256062835454940796e-01,3.312769532203674316e-02,-1.751402765512466431e-01,1.732383295893669128e-02,8.238313347101211548e-02,-1.319677531719207764e-01,7.133779674768447876e-02,2.503398954868316650e-01,3.889355435967445374e-02,9.081405587494373322e-03,-1.281390935182571411e-01,-1.448756307363510132e-01,4.998154193162918091e-02,-1.782627105712890625e-01,-2.842791080474853516e-01,-3.141517937183380127e-02,2.699117176234722137e-04,-4.240484535694122314e-01,-2.149088867008686066e-02,8.064539730548858643e-02,2.269006334245204926e-02,-2.768792957067489624e-02,1.441062241792678833e-01,1.184580624103546143e-01,-1.527251005172729492e-01,-1.563731431961059570e-01,-1.556113213300704956e-01,-2.724062204360961914e-01,-5.254334583878517151e-02,-1.988822966814041138e-01,-5.491829011589288712e-03,3.008253499865531921e-02,-3.542257472872734070e-02,-6.296535134315490723e-01,-4.441085830330848694e-02,-1.842601299285888672e-01,8.536785840988159180e-02,-1.246206369251012802e-02,2.441593855619430542e-01,-4.695091024041175842e-02,1.877037286758422852e-01,1.148237809538841248e-01,-2.873476743698120117e-01,2.100107669830322266e-01,5.802619829773902893e-02,-5.828197002410888672e-01,1.016998896375298500e-03,4.708622395992279053e-02,8.683568239212036133e-02,-2.781118452548980713e-01,-9.840393066406250000e-02,-1.510535031557083130e-01,-2.865679860115051270e-01,7.170631736516952515e-02,5.573790520429611206e-02,-4.493500106036663055e-03,8.497492223978042603e-02,2.227721363306045532e-01,-2.824595272541046143e-01,-9.762551635503768921e-02,-4.121553599834442139e-01,-4.881045594811439514e-02,-5.490576475858688354e-02,2.543636262416839600e-01,1.003854721784591675e-01,5.258089303970336914e-02,8.086752146482467651e-02,5.890912190079689026e-02,-2.454035431146621704e-01,-2.859523892402648926e-01,-1.098694652318954468e-01,1.825023442506790161e-01,-2.013882398605346680e-01,8.349381387233734131e-03,-2.240058630704879761e-01,-3.144758045673370361e-01,-3.328606486320495605e-01,-3.077512383460998535e-01,1.552349422127008438e-04,7.400428503751754761e-02,-9.455318748950958252e-02,8.477028459310531616e-03,1.455141697078943253e-02,-1.827134042978286743e-01,-1.612668782472610474e-01,-4.672026336193084717e-01,2.828529477119445801e-01,-1.657424420118331909e-01,4.421796649694442749e-03,1.522221267223358154e-01,-3.827240467071533203e-01,-2.385602891445159912e-01,-8.065743744373321533e-02,-4.018343240022659302e-02,-1.906747072935104370e-01,-1.196715980768203735e-01,-1.815395653247833252e-01,-2.130900919437408447e-01,3.713128715753555298e-02,1.209089299663901329e-03,-4.714270308613777161e-02,-2.653118371963500977e-01,1.916223466396331787e-01,6.601193547248840332e-02,9.737156331539154053e-02,1.656097173690795898e-01,-3.248608708381652832e-01,-1.469556838274002075e-01,2.099474966526031494e-01,-4.975979924201965332e-01,-2.816058695316314697e-01,-1.469940394163131714e-01,8.203459531068801880e-02,-2.643839418888092041e-01,1.135927811264991760e-01,-2.858031354844570160e-02,4.454568400979042053e-02,-2.319996058940887451e-01,4.666445776820182800e-03,5.501561984419822693e-02,2.167506702244281769e-02,-8.296412229537963867e-02,4.196675866842269897e-02,-2.713127806782722473e-02,-1.725414842367172241e-01,1.590239256620407104e-01,2.701243162155151367e-01,5.521841049194335938e-01,5.142309237271547318e-03,1.925111114978790283e-01,3.471113443374633789e-01,-1.651984453201293945e-01,-1.181102544069290161e-01,1.160754561424255371e-01,-1.445402950048446655e-01,-6.650941818952560425e-02,-1.629778146743774414e-01,-9.661971777677536011e-02,-6.444764137268066406e-02,5.515385046601295471e-02,1.423396728932857513e-02,-1.167647987604141235e-01,-2.494763433933258057e-01,2.026327550411224365e-01,-3.558243811130523682e-01,2.131884545087814331e-01,4.196211397647857666e-01,6.482413411140441895e-02,1.245971396565437317e-01,-2.267523407936096191e-01,-1.272801607847213745e-01,3.661654889583587646e-02,-4.896227270364761353e-02,2.020941972732543945e-01,-3.272096440196037292e-02,-3.019139468669891357e-01,1.169849559664726257e-02,-1.344596892595291138e-01,-8.748463541269302368e-02,-3.915509209036827087e-02,-2.914347946643829346e-01,1.484157145023345947e-01,-6.264876574277877808e-02,6.059823930263519287e-02,-8.588318526744842529e-02,-3.013265430927276611e-01,-1.155361011624336243e-01,8.148670196533203125e-02,-7.157818228006362915e-02,1.403322219848632812e-01,-9.827585518360137939e-02,-3.964796662330627441e-01,-8.651370555162429810e-02,-2.388804256916046143e-01,-3.912415504455566406e-01,-1.296105086803436279e-01,-3.335142508149147034e-02,-1.979952454566955566e-01,-7.584770768880844116e-02,6.086500734090805054e-02,1.122342571616172791e-01,-2.289123833179473877e-01
-1.173314750194549561e-01,-2.051798254251480103e-01,-1.120844110846519470e-02,-6.259576976299285889e-02,1.336564570665359497e-01,1.122812256217002869e-01,-1.380556374788284302e-01,3.525317311286926270e-01,1.382816433906555176e-01,1.342989318072795868e-02,6.331617385149002075e-02,1.042021811008453369e-01,-1.096164435148239136e-01,4.740357398986816406e-02,-1.784148514270782471e-01,1.836912482976913452e-01,-1.102486923336982727e-01,-1.455212682485580444e-01,-1.758237630128860474e-01,8.099383558146655560e-04,-5.630512908101081848e-02,-1.411857306957244873e-01,1.538563519716262817e-01,1.172974854707717896e-01,-4.208943545818328857e-01,2.743761241436004639e-02,2.149999700486660004e-02,6.851850450038909912e-02,-2.862149178981781006e-01,-2.105136811733245850e-01,3.494619578123092651e-02,2.571676075458526611e-01,-8.328865468502044678e-02,-3.123742043972015381e-01,2.586599998176097870e-02,5.625423043966293335e-02,1.477153450250625610e-01,6.352136284112930298e-02,1.766396462917327881e-01,2.560374327003955841e-02,-6.376665085554122925e-02,-3.321545198559761047e-02,-3.342362120747566223e-02,1.653112620115280151e-01,-1.469947546720504761e-01,1.100022904574871063e-02,-2.166413068771362305e-01,3.834819048643112183e-02,4.767589643597602844e-02,-2.012625634670257568e-01,-1.623815149068832397e-01,1.057797297835350037e-01,-8.621315658092498779e-02,3.213910013437271118e-02,-1.328634321689605713e-01,3.515841066837310791e-02,7.857387512922286987e-02,-7.217171043157577515e-02,-2.761003933846950531e-02,2.019545733928680420e-01,7.411046326160430908e-02,1.813599020242691040e-01,-1.168160662055015564e-01,8.870072662830352783e-02,1.325287041254341602e-03,1.733818054199218750e-01,2.041892260313034058e-01,-1.156482659280300140e-02,-1.098477188497781754e-02,-1.018439084291458130e-01,5.506409332156181335e-02,-3.919216245412826538e-02,1.401537507772445679e-01,6.856969743967056274e-02,5.943197757005691528e-02,6.646456662565469742e-03,-1.390079781413078308e-02,-1.404569298028945923e-01,3.933993875980377197e-01,-2.990339696407318115e-01,3.193090856075286865e-01,2.355118393898010254e-01,-4.540913552045822144e-02,1.430125981569290161e-01,-1.624546647071838379e-01,-1.169883832335472107e-01,1.417843699455261230e-01,-2.423066832125186920e-02,-2.627646923065185547e-01,2.844112217426300049e-01,-7.059127092361450195e-02,-3.981127142906188965e-01,1.120430305600166321e-01,6.193934008479118347e-02,1.058963164687156677e-01,1.215525940060615540e-01,2.086421698331832886e-01,-1.718888729810714722e-01,2.479171939194202423e-02,-1.245588138699531555e-01,1.661272346973419189e-01,-9.801484644412994385e-02,2.104590982198715210e-01,-2.398901432752609253e-02,-1.905797608196735382e-02,-1.180905327200889587e-01,1.379013154655694962e-02,-1.286970376968383789e-01,-1.289123445749282837e-01,5.192424729466438293e-02,-1.187511608004570007e-01,9.993288666009902954e-02,1.651196181774139404e-01,5.983727052807807922e-02,2.372841238975524902e-01,5.644144862890243530e-02,3.894120156764984131e-01,7.642359286546707153e-02,1.322736442089080811e-01,1.904662698507308960e-01,2.375585287809371948e-01,1.629985868930816650e-01,5.408002994954586029e-03,-1.631964743137359619e-01,-2.138630807166919112e-04,5.118330940604209900e-02,1.005742475390434265e-01,-1.840118914842605591e-01,1.542698293924331665e-01,1.920204758644104004e-01,7.216123398393392563e-03,1.997015997767448425e-02,8.663935959339141846e-02,-2.038614824414253235e-02,-4.630406945943832397e-02,-5.026330426335334778e-02,-1.770878285169601440e-01,2.238210290670394897e-02,-1.557475626468658447e-01,-3.407442569732666016e-01,7.765780389308929443e-02,1.515474021434783936e-01,2.050309926271438599e-01,-3.733083307743072510e-01,3.444761782884597778e-02,9.281527251005172729e-02,4.854582622647285461e-02,-1.280457377433776855e-01,4.269959777593612671e-02,-6.745375227183103561e-03,4.533317685127258301e-02,-2.697327733039855957e-01,-8.528987318277359009e-02,-5.180810391902923584e-02,-1.519718170166015625e-01,-3.348038196563720703e-01,3.084495365619659424e-01,-2.652561962604522705e-01,-8.465681225061416626e-02,-2.970216870307922363e-01,9.531961381435394287e-02,2.852227911353111267e-02,-4.594378918409347534e-02,4.557805135846138000e-02,-2.127773612737655640e-01,-1.647145301103591919e-01,9.630824625492095947e-02,-1.201575808227062225e-02,-1.697756908833980560e-02,-8.168009668588638306e-02,8.789447136223316193e-03,-3.353803157806396484e-01,-8.862461894750595093e-02,-1.281071007251739502e-01,-1.856830865144729614e-01,-5.092820152640342712e-02,-3.973249718546867371e-02,1.211145445704460144e-01,7.743165642023086548e-02,-3.182912245392799377e-02,-5.046399682760238647e-02,4.928912967443466187e-02,1.494928747415542603e-01,-2.149020880460739136e-01,-9.022536873817443848e-02,1.528117209672927856e-01,-2.835933864116668701e-02,-2.609186470508575439e-01,-5.465133115649223328e-02,1.295841392129659653e-02,-4.584747180342674255e-02,9.649793058633804321e-02,1.243620216846466064e-01,3.529947698116302490e-01,-1.950439624488353729e-02,-6.190934404730796814e-02,-1.430792957544326782e-01,-7.699167728424072266e-02,-9.094220399856567383e-02,-2.795183956623077393e-01,-9.910576790571212769e-02,-2.375229895114898682e-01,1.179928332567214966e-01,-9.610336273908615112e-02,-2.658732980489730835e-02,-1.298005729913711548e-01,1.433263123035430908e-01,-2.045629322528839111e-01,5.437267012894153595e-03,-1.279269605875015259e-01,2.339751459658145905e-02,1.167055219411849976e-01,-2.016970366239547729e-01,-1.514870673418045044e-01,-3.163957893848419189e-01,-3.571138381958007812e-01,-1.575241684913635254e-01,1.717553585767745972e-01,-7.705679628998041153e-03,-2.868740260601043701e-01,-1.199952885508537292e-01,1.054303497076034546e-01,1.371019612997770309e-02,-1.143317371606826782e-01,1.810390800237655640e-01,3.050327673554420471e-02,3.669542372226715088e-01,-4.385892674326896667e-02,-2.841631695628166199e-02,-1.076362431049346924e-01,-4.923999682068824768e-02,-2.533247470855712891e-01,-1.021768078207969666e-01,2.642856724560260773e-02,4.564787726849317551e-03,-2.406744956970214844e-01,3.044901648536324501e-03,7.203547656536102295e-02,1.223558709025382996e-01,-2.941799759864807129e-01,2.842191755771636963e-01,3.129866719245910645e-02,-6.886398792266845703e-02,1.780846118927001953e-01,-1.475503109395503998e-02,-2.149652987718582153e-01,-8.052780292928218842e-03,-2.843973636627197266e-01,-2.043293230235576630e-02,7.082875072956085205e-02,2.197956889867782593e-01,-3.742573261260986328e-01,-1.845319122076034546e-01,1.126980856060981750e-01,-1.320324689149856567e-01,-2.888204157352447510e-01
8.913487941026687622e-02,-4.009112017229199409e-04,1.947482824325561523e-01,-1.529985815286636353e-01,-2.352039068937301636e-01,1.537591964006423950e-01,-1.827069222927093506e-01,-1.948005706071853638e-01,1.014539673924446106e-01,3.346872329711914062e-02,1.660393029451370239e-01,7.020868360996246338e-02,-6.885195523500442505e-02,-3.109676577150821686e-02,2.554802969098091125e-02,7.060787826776504517e-02,-1.019992753863334656e-01,-1.176319569349288940e-01,-1.050033420324325562e-01,-5.683157965540885925e-02,1.425389796495437622e-01,-2.393445521593093872e-01,-2.420861721038818359e-01,6.515292078256607056e-02,1.704287366010248661e-03,-3.328939676284790039e-01,-1.821968406438827515e-01,-1.558130085468292236e-01,-1.456160694360733032e-01,-6.824550777673721313e-02,1.732115745544433594e-01,-2.012562304735183716e-01,-1.168016120791435242e-01,-3.072675876319408417e-02,-1.514483243227005005e-01,-1.282021701335906982e-01,5.334239825606346130e-02,-8.358291536569595337e-02,6.475416570901870728e-02,-9.472633898258209229e-02,1.399866640567779541e-01,-3.006684780120849609e-01,-4.437906742095947266e-01,7.946726866066455841e-03,-1.657875627279281616e-01,-3.935476019978523254e-02,-7.167190313339233398e-02,-1.036628521978855133e-02,1.131085976958274841e-01,2.426647543907165527e-01,-6.834257394075393677e-02,-1.531094908714294434e-01,1.261584907770156860e-01,-3.587742447853088379e-01,2.084907591342926025e-01,-1.122114881873130798e-01,-9.181832522153854370e-02,-2.857104837894439697e-01,-1.838749945163726807e-01,3.284509852528572083e-02,-2.315271943807601929e-01,1.977182477712631226e-01,7.574465870857238770e-02,2.170950472354888916e-01,9.029661118984222412e-02,-3.976191580295562744e-01,1.893132776021957397e-01,-9.032963216304779053e-02,1.732112914323806763e-01,1.823109090328216553e-01,-1.363392323255538940e-01,-5.884015932679176331e-02,1.031221523880958557e-01,-3.382972478866577148e-01,5.929844453930854797e-02,2.098156958818435669e-01,-1.728242188692092896e-01,1.304876524955034256e-02,-2.133128233253955841e-02,6.202617287635803223e-02,-4.873885586857795715e-02,1.990067958831787109e-01,-6.532974541187286377e-02,5.701441317796707153e-02,1.439948379993438721e-01,5.423300340771675110e-02,-1.121787056326866150e-01,1.743816435337066650e-01,-1.144485399127006531e-01,-5.039986595511436462e-02,-3.264262806624174118e-03,1.596010476350784302e-01,-1.262916624546051025e-01,-6.025918200612068176e-02,1.993065476417541504e-01,6.292135268449783325e-02,-2.244765460491180420e-01,-8.947683870792388916e-02,1.494151651859283447e-01,-4.187139496207237244e-02,3.701845183968544006e-02,-1.229200735688209534e-01,-2.130518108606338501e-02,1.145385429263114929e-01,-1.625822484493255615e-02,-4.367285370826721191e-01,-8.433992415666580200e-02,1.374009251594543457e-01,1.904368102550506592e-01,-2.074098289012908936e-01,8.687354624271392822e-03,-7.579709589481353760e-02,-1.970706135034561157e-02,-5.803464725613594055e-02,1.884617609903216362e-03,-2.540435194969177246e-01,2.682004496455192566e-02,3.809453174471855164e-02,2.017140686511993408e-01,6.877388060092926025e-02,2.933840826153755188e-02,-2.483604252338409424e-01,-7.952173054218292236e-02,-9.487490355968475342e-02,-4.532439634203910828e-02,-2.548235952854156494e-01,-1.004930809140205383e-01,7.140905410051345825e-02,1.577847152948379517e-01,1.232803016901016235e-01,-4.943718761205673218e-02,2.326863445341587067e-02,2.365747652947902679e-02,-1.134124994277954102e-01,1.016385704278945923e-01,-1.173457950353622437e-01,-4.607554525136947632e-02,-9.839660674333572388e-02,-1.216018125414848328e-01,2.700642347335815430e-01,-7.622705399990081787e-02,1.999227702617645264e-01,2.818860299885272980e-02,5.636753048747777939e-03,6.086268275976181030e-02,2.217355072498321533e-01,-1.353333741426467896e-01,-1.372651457786560059e-01,-1.085639651864767075e-02,-2.616794966161251068e-02,2.001684904098510742e-01,-4.437940195202827454e-02,-6.899368762969970703e-02,1.948851905763149261e-02,-8.002884685993194580e-02,6.490793079137802124e-02,-1.443022787570953369e-01,-1.269813776016235352e-01,-1.299743503332138062e-01,1.447569578886032104e-01,-9.543441236019134521e-02,-5.697941780090332031e-02,-4.778930917382240295e-02,8.949727565050125122e-02,9.576550871133804321e-02,8.810799568891525269e-02,1.506766527891159058e-01,2.070293277502059937e-01,-2.351520210504531860e-02,-2.027024887502193451e-02,1.158942505717277527e-01,2.296715080738067627e-01,1.798520237207412720e-02,-1.349038779735565186e-01,-4.382098838686943054e-02,1.723664849996566772e-01,-1.155372038483619690e-01,-1.277842074632644653e-01,-7.674018293619155884e-02,-8.738818764686584473e-02,8.475426584482192993e-04,1.764436960220336914e-01,2.372783720493316650e-01,3.376499190926551819e-02,1.885076463222503662e-01,7.937552034854888916e-02,-1.420575566589832306e-02,2.365152165293693542e-02,2.247225865721702576e-02,-5.499977990984916687e-02,-2.448139041662216187e-01,-1.570879481732845306e-02,1.131180152297019958e-01,1.446258276700973511e-01,4.069728031754493713e-02,-6.735061854124069214e-02,-3.837460651993751526e-02,-6.069063022732734680e-02,3.458597511053085327e-02,4.372150637209415436e-03,6.391090899705886841e-02,3.528522700071334839e-02,1.920903846621513367e-02,5.047999694943428040e-02,-3.720653057098388672e-02,3.030651211738586426e-01,9.740123897790908813e-02,1.039620339870452881e-01,-2.817914485931396484e-01,8.294424414634704590e-02,-2.762100994586944580e-01,1.720419712364673615e-02,-1.034446284174919128e-01,7.638789713382720947e-02,5.685552582144737244e-02,-1.215592771768569946e-02,-3.417909517884254456e-02,1.813343614339828491e-01,-1.504869312047958374e-01,-5.369393154978752136e-02,1.736482977867126465e-01,1.946469955146312714e-02,-1.521200500428676605e-02,1.192813180387020111e-02,-8.284522593021392822e-02,3.908772766590118408e-02,-7.160393148660659790e-02,3.565793037414550781e-01,2.219876833260059357e-02,2.218816895037889481e-03,2.896939404308795929e-02,4.621363058686256409e-02,2.233692556619644165e-01,9.530068933963775635e-02,-1.079297289252281189e-01,-3.217814862728118896e-02,-1.437222361564636230e-01,1.864597052335739136e-01,1.440384387969970703e-01,-1.559215635061264038e-01,1.216713711619377136e-02,-1.164824143052101135e-01,1.685716062784194946e-01,2.561384811997413635e-02,1.666753552854061127e-02,9.298367053270339966e-02,1.069555878639221191e-01,9.730595350265502930e-02,2.100230604410171509e-01,1.720245629549026489e-01,-8.514069020748138428e-02,5.298711732029914856e-02,-2.033578418195247650e-02,-2.068901620805263519e-02,-9.238497912883758545e-02,2.063381858170032501e-02
4.146380815654993057e-03,-2.272300869226455688e-01,-4.648359492421150208e-02,-7.347996532917022705e-02,-1.777085512876510620e-01,2.698108851909637451e-01,-1.832381784915924072e-01,-1.105863973498344421e-01,-7.575407624244689941e-02,3.879595547914505005e-02,-9.030516445636749268e-02,-1.638701558113098145e-01,4.554195404052734375e-01,-2.893047332763671875e-01,-4.261008501052856445e-01,3.915666788816452026e-02,1.656721383333206177e-01,1.698813214898109436e-02,6.919724401086568832e-03,-1.142246574163436890e-01,-3.603367879986763000e-02,2.640598639845848083e-02,7.306527346372604370e-02,-2.426004707813262939e-01,-2.957083582878112793e-01,-1.779853850603103638e-01,2.542093954980373383e-02,-2.262969464063644409e-01,4.069164097309112549e-01,4.781090468168258667e-02,-1.496872752904891968e-01,-7.388968952000141144e-03,-1.797225512564182281e-02,4.232627525925636292e-02,2.207009308040142059e-02,-6.878965068608522415e-03,-2.229338735342025757e-01,5.792231485247612000e-02,1.537755131721496582e-01,-2.373629957437515259e-01,-1.512027233839035034e-01,-9.351290017366409302e-02,8.908171206712722778e-02,1.421658694744110107e-02,1.350543051958084106e-01,-2.596735581755638123e-02,-9.774798154830932617e-02,-2.001873403787612915e-01,-1.430179327726364136e-01,4.572919383645057678e-02,-4.193944036960601807e-01,-2.075234800577163696e-01,-1.647256165742874146e-01,-1.030762046575546265e-01,2.247494012117385864e-01,-4.725080728530883789e-02,-1.271739304065704346e-01,-2.500423043966293335e-02,8.464586734771728516e-02,5.616946890950202942e-02,6.716371327638626099e-02,6.593868881464004517e-02,-2.087564170360565186e-01,-4.174025356769561768e-02,7.037674635648727417e-02,-4.039123952388763428e-01,7.669974863529205322e-02,3.625235557556152344e-01,2.918566204607486725e-02,-1.179232895374298096e-01,-1.079792156815528870e-01,5.684468522667884827e-02,4.147983714938163757e-02,-4.082923382520675659e-02,1.254165917634963989e-01,3.225024938583374023e-01,-2.160749137401580811e-01,5.803503841161727905e-02,-2.216114997863769531e-01,-6.628122925758361816e-02,1.547689437866210938e-01,-1.663278490304946899e-01,-8.868924528360366821e-02,2.298463582992553711e-01,-7.800963521003723145e-02,2.353763580322265625e-01,-3.938546404242515564e-02,2.134134471416473389e-01,4.877682030200958252e-02,1.457664072513580322e-01,5.246083810925483704e-02,6.251820921897888184e-02,-1.079951226711273193e-01,-8.479256182909011841e-02,-1.043217554688453674e-01,1.132678613066673279e-01,1.038241609930992126e-01,-4.008583724498748779e-02,-9.603334218263626099e-02,-2.139349579811096191e-01,-3.470959514379501343e-02,-2.737708389759063721e-02,-2.219360023736953735e-01,-3.509778156876564026e-02,-1.407329589128494263e-01,5.211724713444709778e-02,2.433050572872161865e-01,6.723517179489135742e-02,-8.268682658672332764e-02,-3.089753687381744385e-01,-2.101949602365493774e-01,1.753543764352798462e-01,-1.026308014988899231e-01,-2.375615239143371582e-01,2.130641788244247437e-02,-2.330082803964614868e-01,7.333637773990631104e-02,-5.649565905332565308e-02,1.175810471177101135e-01,-1.101358979940414429e-01,-2.665961682796478271e-01,4.032736271619796753e-02,-1.320528388023376465e-01,-1.329848319292068481e-01,1.338457316160202026e-01,-1.678746789693832397e-01,-3.311186432838439941e-01,-7.041148096323013306e-02,-5.740831047296524048e-02,2.367758452892303467e-01,-1.327784955501556396e-01,2.604439258575439453e-01,2.257086783647537231e-01,-1.283350884914398193e-01,-3.620868176221847534e-02,7.660319656133651733e-02,1.180389616638422012e-02,-5.899054184556007385e-02,1.163353398442268372e-02,-1.300735026597976685e-01,-1.904971301555633545e-01,2.805053889751434326e-01,2.066857218742370605e-01,-1.100611165165901184e-01,8.883395791053771973e-02,4.136980324983596802e-02,1.571610569953918457e-01,-8.354861289262771606e-02,1.268227696418762207e-01,-2.071748487651348114e-02,-2.258147113025188446e-02,1.720279604196548462e-01,1.076207980513572693e-01,-2.206602692604064941e-01,1.311728656291961670e-01,1.234130468219518661e-02,-6.243288516998291016e-02,-2.646612823009490967e-01,5.639487504959106445e-02,1.142448484897613525e-01,1.571519076824188232e-01,8.373787254095077515e-02,5.694967135787010193e-02,-1.773298680782318115e-01,2.746338583528995514e-02,1.490173041820526123e-01,3.404758870601654053e-02,-4.287938936613500118e-04,9.210578352212905884e-02,2.299314737319946289e-01,1.855946183204650879e-01,1.837327331304550171e-02,6.905508786439895630e-02,-2.773716449737548828e-01,4.976314492523670197e-03,-6.555513292551040649e-02,-3.173748776316642761e-02,-2.382874786853790283e-01,-1.486030817031860352e-01,-2.829314954578876495e-02,5.182835459709167480e-02,-2.233365923166275024e-02,-8.072680234909057617e-02,2.050635218620300293e-01,-9.957426041364669800e-02,-2.781344391405582428e-02,3.113089688122272491e-02,-1.314119249582290649e-02,-7.547034323215484619e-02,-5.931814759969711304e-02,-2.314144819974899292e-01,-1.211256533861160278e-02,-2.029480934143066406e-01,2.300902605056762695e-01,5.123418942093849182e-02,-1.062905862927436829e-01,1.369490921497344971e-01,1.118822544813156128e-01,7.366005331277847290e-02,1.221590638160705566e-01,1.022196337580680847e-01,-5.214979872107505798e-02,-2.469149790704250336e-02,-3.969749435782432556e-02,1.456981897354125977e-01,-8.880712836980819702e-02,1.094767730683088303e-02,-7.779835909605026245e-02,3.200338408350944519e-02,-2.759715020656585693e-01,1.635819375514984131e-01,4.954415839165449142e-03,7.162336260080337524e-02,-6.418191641569137573e-02,-2.475186437368392944e-02,2.455454319715499878e-02,-1.351591646671295166e-01,-3.722610126715153456e-04,-1.783941835165023804e-01,-7.191883027553558350e-02,1.693388968706130981e-01,1.851274371147155762e-01,-2.908542938530445099e-02,6.115901097655296326e-02,-1.020311787724494934e-01,-3.653823584318161011e-02,1.484193559736013412e-02,-2.345477417111396790e-02,-6.303601711988449097e-02,2.703402638435363770e-01,6.338386982679367065e-02,4.888419527560472488e-03,1.455105990171432495e-01,7.227104902267456055e-02,-1.644569681957364082e-03,-1.161745097488164902e-02,-8.705154061317443848e-02,5.018452554941177368e-02,-3.866918012499809265e-02,1.588034778833389282e-01,2.015234827995300293e-01,-3.046486079692840576e-01,1.588194072246551514e-01,-1.566389948129653931e-01,1.216521412134170532e-01,1.396048963069915771e-01,1.991938352584838867e-01,1.381443887948989868e-01,2.699754200875759125e-02,5.691114440560340881e-02,-8.429064415395259857e-03,2.264910191297531128e-02,-1.669040471315383911e-01,1.201588883996009827e-01,7.859417051076889038e-02,1.192578747868537903e-01
1.417641043663024902e-01,4.563457965850830078e-01,1.742068529129028320e-01,-2.489868924021720886e-02,1.062035188078880310e-01,-6.603002548217773438e-02,1.536358147859573364e-01,-2.374355681240558624e-02,1.166509985923767090e-01,-1.519992351531982422e-01,1.335093528032302856e-01,-3.100864961743354797e-02,-2.303656488656997681e-01,1.583496481180191040e-01,2.573683559894561768e-01,-5.022612586617469788e-02,-2.112867832183837891e-01,1.763548403978347778e-01,-1.591590046882629395e-01,7.079413626343011856e-03,-4.074824973940849304e-02,-3.035951219499111176e-02,2.123407721519470215e-01,4.579386860132217407e-02,2.155282795429229736e-01,9.503224492073059082e-02,-1.067485436797142029e-01,-1.889485269784927368e-01,-6.372621655464172363e-02,7.232719659805297852e-02,1.135591641068458557e-01,-1.448725014925003052e-01,-2.197752892971038818e-01,-9.112370759248733521e-02,-1.830641925334930420e-01,-1.149535104632377625e-01,-6.917119491845369339e-03,8.637242764234542847e-02,5.643843114376068115e-02,-1.534143276512622833e-02,3.046647273004055023e-02,1.735535711050033569e-01,-5.112281814217567444e-02,-1.582506112754344940e-02,-3.568349406123161316e-02,3.383980318903923035e-02,-7.261192798614501953e-02,3.525481373071670532e-02,-1.416146159172058105e-01,-3.009079694747924805e-01,1.457793861627578735e-01,-2.715591490268707275e-01,-1.817720942199230194e-02,9.697810560464859009e-02,1.208624243736267090e-01,-1.934223622083663940e-02,-5.151483416557312012e-02,3.415637090802192688e-02,4.990451037883758545e-02,-1.159135773777961731e-01,5.846683681011199951e-02,-8.674755692481994629e-02,-1.300861686468124390e-01,2.161322683095932007e-01,9.037525206804275513e-02,1.634699404239654541e-01,-1.633550785481929779e-02,-7.745553553104400635e-02,2.201239019632339478e-01,-2.257985621690750122e-01,2.485500648617744446e-02,9.205547720193862915e-02,-1.089518889784812927e-01,-1.810001730918884277e-01,-1.703628748655319214e-01,-1.919282227754592896e-02,8.277726918458938599e-02,1.676864475011825562e-01,-2.375115081667900085e-02,-1.553017646074295044e-01,4.255004227161407471e-02,1.779275834560394287e-01,-6.677115708589553833e-02,-2.972000092267990112e-02,-3.278544545173645020e-01,-1.984823346138000488e-01,1.312592923641204834e-01,-1.202266886830329895e-01,1.260341051965951920e-02,1.077519506216049194e-01,-8.358892053365707397e-02,-1.026669070124626160e-01,2.052760422229766846e-01,-1.528581255115568638e-03,1.130450293421745300e-01,-2.195214480161666870e-01,5.067464709281921387e-02,6.444851867854595184e-03,-9.586480259895324707e-02,-2.096212096512317657e-02,-3.871619105339050293e-01,-4.271064326167106628e-02,-1.572158783674240112e-01,-1.963721364736557007e-01,7.054961472749710083e-02,-3.391205891966819763e-02,6.697733700275421143e-02,-2.676965296268463135e-02,-1.108671426773071289e-01,-9.327233582735061646e-02,-4.767837375402450562e-02,-9.359310567378997803e-02,-5.309907719492912292e-02,-1.547992974519729614e-01,-7.665254175662994385e-02,-1.090754270553588867e-01,-2.716893097385764122e-03,-2.849449962377548218e-02,-7.125408202409744263e-02,-3.472452163696289062e-01,2.522666752338409424e-02,1.611635982990264893e-01,2.852652780711650848e-02,-7.190647721290588379e-02,-1.456900406628847122e-02,-4.704244434833526611e-02,-4.032912477850914001e-02,8.189961314201354980e-02,-5.508884415030479431e-02,6.213873997330665588e-02,8.464803546667098999e-02,1.374125629663467407e-01,-8.900156617164611816e-02,-2.371635884046554565e-01,-4.738467559218406677e-02,-1.042372807860374451e-01,-2.195462435483932495e-01,-1.272753924131393433e-01,1.870655566453933716e-01,-1.143139749765396118e-01,-3.784737586975097656e-01,5.391051992774009705e-02,-1.139563918113708496e-01,-9.462308883666992188e-02,-2.257262170314788818e-01,2.228146940469741821e-01,1.709417998790740967e-02,2.454295158386230469e-01,-1.343540996313095093e-01,-1.132332459092140198e-01,-2.750534117221832275e-01,2.214196622371673584e-01,1.796130836009979248e-01,9.374558925628662109e-03,8.034536242485046387e-02,-7.856526225805282593e-02,-1.367944628000259399e-01,1.079384610056877136e-01,-1.588026881217956543e-01,2.112140879034996033e-02,4.013954475522041321e-02,7.894127070903778076e-02,5.698984488844871521e-02,2.249312549829483032e-01,-1.993382871150970459e-01,-3.212613165378570557e-01,-1.141408830881118774e-01,-8.019518852233886719e-02,-2.372573763132095337e-01,5.637060850858688354e-02,-6.184152141213417053e-02,-2.718289010226726532e-02,-7.097958773374557495e-02,-1.612284779548645020e-01,-2.282295376062393188e-01,-1.287969946861267090e-01,1.402695626020431519e-01,6.070307269692420959e-02,6.396731734275817871e-02,2.649705111980438232e-01,-3.449101746082305908e-02,-2.730293869972229004e-01,2.024735510349273682e-01,-1.759384572505950928e-01,-9.238972514867782593e-02,7.842173427343368530e-02,-1.832653433084487915e-01,-3.273021429777145386e-02,-3.931313380599021912e-02,3.269838541746139526e-02,-1.469335854053497314e-01,-4.144951328635215759e-02,3.806306421756744385e-01,6.704979389905929565e-02,2.920701205730438232e-01,2.665090560913085938e-01,-8.030544966459274292e-03,-1.931828111410140991e-01,-1.230449974536895752e-01,-3.000485897064208984e-01,-1.213812381029129028e-01,1.285021156072616577e-01,1.642385125160217285e-01,-1.953933984041213989e-01,1.778018474578857422e-02,1.365784704685211182e-01,1.545329391956329346e-01,1.459291428327560425e-01,3.500237688422203064e-02,-1.950152069330215454e-01,-4.828200861811637878e-02,4.757457971572875977e-02,-3.260941058397293091e-02,1.896862126886844635e-02,-1.926110535860061646e-01,-2.197674959897994995e-01,1.763270497322082520e-01,-1.156554743647575378e-01,1.497939825057983398e-01,1.515789423137903214e-03,1.457798629999160767e-01,1.083561703562736511e-01,-1.117177978157997131e-01,1.857039183378219604e-01,-4.113501682877540588e-02,8.651970326900482178e-02,-3.204902261495590210e-02,2.011442929506301880e-02,-2.325943671166896820e-02,-1.323650181293487549e-01,-8.184403926134109497e-02,7.412658073008060455e-03,-2.810581922531127930e-01,-1.059617847204208374e-01,-9.030655026435852051e-02,1.406456232070922852e-01,-1.471466273069381714e-01,-7.955740392208099365e-02,6.465655565261840820e-02,1.735060960054397583e-01,5.447898805141448975e-02,-1.915980428457260132e-01,-5.945063382387161255e-02,1.413554847240447998e-01,-2.898152545094490051e-02,1.055833771824836731e-01,3.512990428134799004e-03,3.014592528343200684e-01,-3.306052833795547485e-02,-7.610325515270233154e-02,-3.165706396102905273e-01,4.015372693538665771e-01,-2.598456293344497681e-02,2.980723977088928223e-01,1.386311203241348267e-01,2.816734015941619873e-01
9.926537051796913147e-03,5.091906338930130005e-02,-9.982325136661529541e-04,8.888009935617446899e-02,-2.352171204984188080e-02,-2.314203083515167236e-01,-2.500272691249847412e-01,1.489972025156021118e-01,-2.484573572874069214e-01,1.456028874963521957e-02,-2.800819836556911469e-02,1.602550894021987915e-01,8.598232269287109375e-02,1.625853031873703003e-01,-8.444285392761230469e-02,-1.549499034881591797e-01,8.299396373331546783e-03,6.220583990216255188e-02,-5.980146676301956177e-02,-8.060404099524021149e-03,-1.383978128433227539e-01,7.609625160694122314e-02,-6.052873656153678894e-02,1.314253807067871094e-01,5.764998868107795715e-02,2.854545973241329193e-02,-8.022847771644592285e-02,9.066985547542572021e-02,1.256458312273025513e-01,1.199316885322332382e-02,1.742349565029144287e-01,8.483157306909561157e-02,6.939420849084854126e-02,-7.674808800220489502e-02,2.177846431732177734e-01,-1.040365993976593018e-01,-7.676146179437637329e-02,2.669744752347469330e-02,1.305983215570449829e-01,-7.714033126831054688e-02,-1.731356792151927948e-02,1.759402267634868622e-02,-4.535822570323944092e-02,2.271318575367331505e-03,1.570060849189758301e-01,2.952728793025016785e-02,-7.187851518392562866e-02,-5.157405394129455090e-04,5.921633914113044739e-02,4.498726129531860352e-02,-1.227645203471183777e-01,1.225053220987319946e-01,-1.338775753974914551e-01,1.600841060280799866e-02,2.327255718410015106e-02,-4.207406565546989441e-02,6.161671597510576248e-03,6.402360741049051285e-03,3.580513596534729004e-02,1.083334982395172119e-01,5.134911462664604187e-02,8.892536908388137817e-02,1.282325945794582367e-02,-4.774051904678344727e-02,-1.099183186888694763e-01,1.993876248598098755e-01,-3.856770321726799011e-02,1.076668277382850647e-01,-2.069301307201385498e-01,-1.776768267154693604e-01,-3.602046370506286621e-01,-1.859896928071975708e-01,1.943087428808212280e-01,-1.349763721227645874e-01,7.722420990467071533e-02,-1.677958667278289795e-01,-5.760844051837921143e-02,9.974019974470138550e-02,1.003553792834281921e-01,-2.415764033794403076e-01,-1.907645928440615535e-04,6.875891983509063721e-02,1.457495987415313721e-01,-2.242191880941390991e-01,-1.516598509624600410e-03,-1.409214884042739868e-01,-6.783736497163772583e-02,-1.364963948726654053e-01,6.412550061941146851e-02,-4.869599267840385437e-02,-6.138682365417480469e-02,-1.988906711339950562e-01,2.842110693454742432e-01,-1.665628850460052490e-01,-2.759140171110630035e-02,-6.443519890308380127e-02,-1.386842280626296997e-01,-1.217013895511627197e-01,-6.055069342255592346e-02,-4.109828174114227295e-02,-7.537871599197387695e-02,7.059814780950546265e-02,9.171996265649795532e-02,3.070072643458843231e-02,-1.061429604887962341e-01,-1.169567033648490906e-01,1.327761709690093994e-01,7.508803158998489380e-02,1.841605454683303833e-01,-2.862257510423660278e-02,8.879036456346511841e-02,1.965739428997039795e-01,-3.368964791297912598e-02,2.732063829898834229e-02,7.113482058048248291e-02,-7.366037368774414062e-02,4.144407436251640320e-02,-1.597709394991397858e-02,4.043000563979148865e-02,1.032769829034805298e-01,-2.992162294685840607e-02,-8.365303277969360352e-02,-5.796150863170623779e-02,1.235186532139778137e-01,4.416416957974433899e-02,-1.820950061082839966e-01,-2.199770957231521606e-01,9.498063474893569946e-02,-9.703731536865234375e-02,2.597744166851043701e-01,-1.091572344303131104e-01,-3.007498010993003845e-02,6.850598752498626709e-02,1.053961962461471558e-01,4.046108946204185486e-02,-1.303311288356781006e-01,-3.312686979770660400e-01,-6.445380300283432007e-02,-1.387558728456497192e-01,7.022146880626678467e-02,2.226471453905105591e-01,-1.556763797998428345e-01,2.643188238143920898e-01,1.135283987969160080e-02,-9.790369123220443726e-02,-2.236663699150085449e-01,2.105695754289627075e-01,-3.328924179077148438e-01,5.634384602308273315e-02,-2.008706144988536835e-02,-1.737530827522277832e-01,1.626136749982833862e-01,-4.159754514694213867e-02,9.023888967931270599e-03,2.255375124514102936e-02,4.347207397222518921e-02,9.983268380165100098e-02,4.187904298305511475e-02,-2.565290965139865875e-02,7.068837434053421021e-02,1.052623763680458069e-01,7.859753072261810303e-02,1.139944344758987427e-01,-2.092267423868179321e-01,-1.905649006366729736e-01,-2.103636562824249268e-01,-4.977119714021682739e-02,1.723806858062744141e-01,-8.022026717662811279e-02,5.133128166198730469e-02,3.692491352558135986e-02,2.002739757299423218e-01,2.695222198963165283e-02,-1.413103938102722168e-01,-3.604907914996147156e-02,5.628921836614608765e-02,-1.021129190921783447e-01,-1.134473159909248352e-01,4.333757981657981873e-02,-1.735555976629257202e-01,1.496860086917877197e-01,8.440230041742324829e-02,1.216241195797920227e-01,-3.771880641579627991e-02,9.028840065002441406e-02,5.621239542961120605e-02,6.525912880897521973e-02,1.910521835088729858e-01,-1.691174805164337158e-01,5.790818482637405396e-02,-8.329277485609054565e-02,1.071575656533241272e-01,-1.151918768882751465e-01,1.844324469566345215e-01,-1.566276699304580688e-01,-6.382033228874206543e-02,9.666796773672103882e-03,8.388474583625793457e-02,-1.067988127470016479e-01,9.805749356746673584e-02,-2.016534656286239624e-02,1.208672299981117249e-01,3.089521639049053192e-02,-1.395055744796991348e-02,-1.931469440460205078e-01,-3.171251341700553894e-02,-7.220349460840225220e-02,3.671272844076156616e-02,4.965683072805404663e-02,-2.497990429401397705e-01,1.837895512580871582e-01,-6.391906738281250000e-02,-5.767876654863357544e-02,5.104665830731391907e-02,1.260022372007369995e-01,9.136155247688293457e-03,1.499615609645843506e-01,-9.804215282201766968e-02,6.949520111083984375e-02,-1.840213537216186523e-01,5.344270542263984680e-02,-6.778257340192794800e-02,-5.785488337278366089e-02,-5.911982059478759766e-02,1.820404976606369019e-01,1.471470892429351807e-01,1.070060953497886658e-01,-5.170353874564170837e-02,6.732808053493499756e-02,-6.014315783977508545e-02,-7.068534940481185913e-02,1.330623868852853775e-03,3.384268283843994141e-02,1.891464181244373322e-02,8.721749484539031982e-02,4.959601536393165588e-02,5.299172922968864441e-02,-7.404375076293945312e-02,-6.151782721281051636e-02,1.907059550285339355e-01,-5.308182165026664734e-02,6.550125032663345337e-02,-3.625650405883789062e-01,-9.068714454770088196e-03,1.365493386983871460e-01,-3.584013506770133972e-02,2.898171916604042053e-02,-2.492902055382728577e-02,-9.312157332897186279e-02,-4.670781642198562622e-02,-2.933689951896667480e-01,-1.299841850996017456e-01,-5.702101811766624451e-02,1.088746413588523865e-01,2.733409870415925980e-03,-2.910025417804718018e-01
-2.321998178958892822e-01,1.642760485410690308e-01,-4.879277572035789490e-02,7.336095720529556274e-02,-1.110091954469680786e-01,-2.427589744329452515e-01,-1.590494811534881592e-01,-2.110281586647033691e-01,-1.081117540597915649e-01,-1.429866105318069458e-01,-4.207967966794967651e-02,2.140223048627376556e-02,1.483920663595199585e-01,-5.013747513294219971e-02,4.548072814941406250e-02,2.944860421121120453e-02,4.163753613829612732e-02,1.149792782962322235e-02,-2.121469825506210327e-01,-6.049957126379013062e-02,1.769088804721832275e-01,-7.868590950965881348e-02,-3.619318082928657532e-02,-4.692344367504119873e-02,-2.033167034387588501e-01,-2.019813507795333862e-01,-1.591873168945312500e-01,-6.904413551092147827e-02,1.020602732896804810e-01,-1.145031824707984924e-01,-5.923528969287872314e-02,-1.242377907037734985e-01,-1.173096820712089539e-01,-1.753827482461929321e-01,-9.398446232080459595e-02,1.026593297719955444e-01,-1.757051795721054077e-01,7.244203984737396240e-02,4.423834010958671570e-02,-1.190578490495681763e-01,-4.019755125045776367e-02,-3.473251461982727051e-01,-1.345793604850769043e-01,2.604068443179130554e-02,1.248948276042938232e-01,1.110013201832771301e-01,-5.616738647222518921e-02,-5.129386484622955322e-02,-3.443624973297119141e-01,-7.261057943105697632e-02,-2.952716648578643799e-01,-1.792265474796295166e-01,1.771163791418075562e-01,1.536191254854202271e-01,1.493391692638397217e-01,-5.349475145339965820e-02,2.337891161441802979e-01,-1.256718039512634277e-01,-1.191774010658264160e-01,-1.100952550768852234e-01,-1.014995127916336060e-01,3.156789392232894897e-02,-9.718304872512817383e-02,5.904740095138549805e-02,-2.635713666677474976e-03,-4.133418947458267212e-02,-2.236925065517425537e-01,9.304387122392654419e-02,-9.723248891532421112e-03,-2.245819382369518280e-02,-2.769600152969360352e-01,-3.310884907841682434e-02,-2.269977778196334839e-01,-9.634641557931900024e-02,-1.361531168222427368e-01,2.564408630132675171e-02,1.445453241467475891e-02,5.159781500697135925e-02,-7.966529577970504761e-02,6.733544915914535522e-02,1.949680149555206299e-01,-4.669627919793128967e-02,2.148710489273071289e-01,-1.116418167948722839e-01,1.767125427722930908e-01,-1.625732928514480591e-01,-9.422581642866134644e-02,1.138919126242399216e-02,-1.658062338829040527e-01,9.069398790597915649e-02,-7.595266401767730713e-02,-1.065836288034915924e-02,1.432358771562576294e-01,-1.243304759263992310e-01,-2.046629637479782104e-01,-1.647875458002090454e-01,1.187723875045776367e-01,-1.418846547603607178e-01,2.857251651585102081e-02,1.949546625837683678e-03,3.704634308815002441e-02,2.766976691782474518e-02,-4.482839629054069519e-02,-3.277271986007690430e-02,-6.984658539295196533e-02,9.648018330335617065e-02,-2.163936197757720947e-02,6.170284748077392578e-02,6.554733961820602417e-02,-1.816529333591461182e-01,-1.952150315046310425e-01,1.377193480730056763e-01,2.391810864210128784e-01,-1.459228247404098511e-01,-3.730121627449989319e-02,2.362086996436119080e-02,-7.709950674325227737e-03,-1.011424362659454346e-01,9.998243302106857300e-02,1.616934388875961304e-01,-1.188545748591423035e-01,2.885115705430507660e-02,-1.513326466083526611e-01,1.129355728626251221e-01,-1.873111426830291748e-01,-2.231706678867340088e-01,-2.751767337322235107e-01,1.905378401279449463e-01,1.744842738844454288e-04,-1.169560849666595459e-01,-2.280825823545455933e-01,-1.169519033282995224e-02,-1.402132809162139893e-01,-3.633410856127738953e-02,-8.387967944145202637e-02,8.643226325511932373e-02,7.060011476278305054e-02,1.742637902498245239e-01,-1.720714867115020752e-01,7.235899567604064941e-02,2.805298566818237305e-02,-3.780649974942207336e-02,-1.741124540567398071e-01,-4.243646282702684402e-03,-2.371189892292022705e-01,-1.351713389158248901e-01,-9.733627736568450928e-02,-4.660224169492721558e-02,-1.416750717908143997e-02,-1.933490186929702759e-01,1.112935543060302734e-01,9.315327554941177368e-02,2.402568422257900238e-02,6.646256148815155029e-02,-1.046651825308799744e-01,1.992202252149581909e-01,-8.236792683601379395e-02,-7.807065546512603760e-02,-7.072475552558898926e-02,-1.379575580358505249e-02,8.785747736692428589e-02,2.895206585526466370e-02,1.358537822961807251e-01,1.038430780172348022e-01,3.629756718873977661e-02,2.648323029279708862e-02,1.192096155136823654e-02,1.872652620077133179e-01,-1.548047512769699097e-01,3.905911371111869812e-02,8.229544758796691895e-02,7.532150018960237503e-03,-5.657353904098272324e-03,2.000187337398529053e-02,1.094349771738052368e-01,-6.288578361272811890e-02,7.923686504364013672e-02,1.136029809713363647e-01,2.874737372621893883e-03,3.098785877227783203e-02,1.610165238380432129e-01,4.455250501632690430e-02,1.521004736423492432e-01,-4.773408919572830200e-02,7.314050197601318359e-02,-4.340634122490882874e-02,-1.164240837097167969e-01,-9.103934280574321747e-04,-1.341373324394226074e-01,2.262713201344013214e-02,-1.936564221978187561e-02,1.577527672052383423e-01,5.422398075461387634e-02,-2.682244032621383667e-02,1.121115684509277344e-01,-1.626138687133789062e-01,1.588077396154403687e-01,1.064450293779373169e-01,1.179959103465080261e-01,-6.707490235567092896e-02,1.688080579042434692e-01,1.278904974460601807e-01,-1.439906060695648193e-01,-7.491427659988403320e-02,1.450399309396743774e-01,8.432712405920028687e-02,1.395803242921829224e-01,6.069066748023033142e-02,4.344971850514411926e-02,-1.431770175695419312e-01,3.577757626771926880e-02,1.447531431913375854e-01,-6.667929887771606445e-02,-1.165934950113296509e-01,1.512301117181777954e-01,1.021542698144912720e-01,-1.407503522932529449e-02,2.104187905788421631e-01,-2.494834065437316895e-01,-1.207619085907936096e-01,-3.886887803673744202e-02,1.286232620477676392e-01,1.415119022130966187e-01,8.741210401058197021e-02,-5.838391929864883423e-02,1.118634492158889771e-01,5.112747848033905029e-02,-8.356885612010955811e-02,-3.450348600745201111e-02,-1.372033450752496719e-02,1.542009264230728149e-01,-1.844038488343358040e-03,5.389304831624031067e-02,1.458663344383239746e-01,-9.491428732872009277e-02,-1.512250155210494995e-01,-1.422858536243438721e-01,-6.306523829698562622e-02,6.813850998878479004e-02,1.689561009407043457e-01,-1.194057539105415344e-01,-1.564398556947708130e-01,-1.958722770214080811e-01,-1.017682701349258423e-01,-1.552030593156814575e-01,9.613995440304279327e-03,-2.521009929478168488e-02,9.499863535165786743e-02,1.707730293273925781e-01,4.028430581092834473e-02,-3.348412513732910156e-01,-2.173182182013988495e-02,5.052732303738594055e-02,-1.695030927658081055e-01,4.825291782617568970e-02,1.819887757301330566e-01
1.720644235610961914e-01,-2.131298184394836426e-01,1.745334863662719727e-01,4.988957941532135010e-02,-3.015030324459075928e-01,-1.193514689803123474e-01,-1.465941369533538818e-01,-8.214722573757171631e-02,-1.386966854333877563e-01,-3.713124245405197144e-02,2.382821589708328247e-01,-2.978909909725189209e-01,-1.385988444089889526e-01,-6.270715594291687012e-02,-7.294754497706890106e-03,-2.026808820664882660e-02,2.019392997026443481e-01,1.161257773637771606e-01,-9.676174819469451904e-02,2.121995985507965088e-01,-3.094966113567352295e-01,-3.133098036050796509e-02,-2.258797883987426758e-01,-2.565476000308990479e-01,1.371304690837860107e-01,4.091694205999374390e-02,1.647563278675079346e-01,-7.642127573490142822e-02,-1.467285156250000000e-01,-4.695470910519361496e-03,-5.839244276285171509e-02,-1.047480013221502304e-02,1.829551756381988525e-01,9.938547760248184204e-02,9.055911004543304443e-02,5.958411470055580139e-02,-1.485140919685363770e-01,-1.747941374778747559e-01,-2.157453000545501709e-01,5.200928077101707458e-02,-1.500668674707412720e-01,1.095035895705223083e-01,-9.844511002302169800e-02,-1.186272054910659790e-01,-1.380074024200439453e-01,-1.471842378377914429e-01,-2.183106243610382080e-01,-8.461731672286987305e-02,1.380205303430557251e-01,1.319600194692611694e-01,1.601308733224868774e-01,1.144018955528736115e-02,2.440954186022281647e-02,-7.657541334629058838e-02,-5.986956134438514709e-02,6.439511477947235107e-02,-2.554447948932647705e-01,7.482519745826721191e-02,-1.688854098320007324e-01,-1.887419223785400391e-01,1.987686008214950562e-02,-9.892368316650390625e-02,-2.727670669555664062e-01,-1.018438413739204407e-01,1.414586007595062256e-01,5.956160649657249451e-02,1.827523857355117798e-02,3.542846441268920898e-01,1.045037712901830673e-02,-8.126620203256607056e-02,3.306691348552703857e-02,-8.029664307832717896e-02,-7.107695564627647400e-03,1.895335316658020020e-01,1.205164417624473572e-01,-1.279619485139846802e-01,1.954916864633560181e-01,-2.003658749163150787e-02,-1.009037718176841736e-01,-6.252025067806243896e-02,-5.745461210608482361e-02,-4.048886150121688843e-02,-5.263281986117362976e-02,1.070219427347183228e-01,-5.498933605849742889e-03,-5.874643847346305847e-02,3.172590956091880798e-02,-1.245516762137413025e-01,1.229418516159057617e-01,1.546200513839721680e-01,1.035411469638347626e-02,1.121136248111724854e-01,-4.375172778964042664e-02,-1.565788984298706055e-01,-7.861256599426269531e-02,1.702492386102676392e-01,-1.043971925973892212e-01,-1.145148426294326782e-01,2.129863388836383820e-02,1.585066877305507660e-02,9.181288629770278931e-02,2.524038217961788177e-02,-4.538810346275568008e-03,-1.578976660966873169e-01,-1.388257294893264771e-01,1.101506780833005905e-02,-8.454805612564086914e-02,2.401718050241470337e-01,-1.437260359525680542e-01,7.594938576221466064e-02,2.318798005580902100e-01,-9.259316325187683105e-02,6.350342929363250732e-02,1.499197036027908325e-01,-1.476872563362121582e-01,1.685968190431594849e-01,2.030074037611484528e-02,-5.237587168812751770e-02,-9.360615164041519165e-02,-5.806762352585792542e-02,-2.669926583766937256e-01,8.333332836627960205e-02,9.432629682123661041e-03,1.794337630271911621e-01,-1.791743338108062744e-01,1.350632458925247192e-01,2.113954871892929077e-01,-3.059437498450279236e-02,3.210692666471004486e-03,1.064676791429519653e-01,-1.257898211479187012e-01,2.324667572975158691e-01,-6.604810059070587158e-02,9.238059073686599731e-02,4.526002705097198486e-02,-5.539831519126892090e-02,2.071098238229751587e-02,9.880477190017700195e-02,-8.362837880849838257e-02,5.628190562129020691e-02,-4.849450662732124329e-02,-9.630828350782394409e-02,5.835077539086341858e-02,1.252563595771789551e-01,-2.735008485615253448e-02,-1.088361591100692749e-01,-3.646176541224122047e-03,5.199797451496124268e-03,7.650243490934371948e-02,4.925764352083206177e-02,-7.413389533758163452e-02,-4.689732193946838379e-02,7.244017720222473145e-02,-3.045257031917572021e-01,-7.828827947378158569e-02,5.416508391499519348e-02,-1.315313428640365601e-01,-5.179176107048988342e-02,-4.361488297581672668e-02,-1.098110973834991455e-01,-1.015577465295791626e-01,1.084259129129350185e-03,-2.677337825298309326e-02,-2.019199430942535400e-01,1.522960811853408813e-01,-5.162993818521499634e-02,-4.086236283183097839e-02,-9.798514097929000854e-02,-1.621450856328010559e-02,-9.100103378295898438e-02,-1.372249424457550049e-01,1.391625404357910156e-01,-1.838008463382720947e-01,6.061764806509017944e-02,3.672107588499784470e-03,-2.053983807563781738e-01,-3.280595690011978149e-02,-5.592815577983856201e-02,-2.243809103965759277e-01,-1.343483924865722656e-01,-1.336888074874877930e-01,-6.294941902160644531e-02,7.639223337173461914e-02,3.644882515072822571e-02,3.513830900192260742e-02,-4.088732600212097168e-02,6.902220845222473145e-02,-5.841559916734695435e-02,-2.809379436075687408e-02,6.158190313726663589e-03,-1.882469654083251953e-01,-9.938922524452209473e-02,2.506230399012565613e-02,-1.413830220699310303e-01,-5.228000879287719727e-02,4.724089801311492920e-02,1.626638174057006836e-01,1.283653974533081055e-01,8.010332286357879639e-02,5.048520863056182861e-03,1.121928356587886810e-02,-5.634620413184165955e-02,1.642012745141983032e-01,-5.427054315805435181e-02,-1.130597442388534546e-01,3.857727162539958954e-03,3.117007948458194733e-02,-3.625452890992164612e-02,-8.690378069877624512e-02,7.462847977876663208e-02,1.864141374826431274e-01,4.319665208458900452e-02,1.597485393285751343e-01,-6.949099153280258179e-02,1.662915349006652832e-01,-9.436389058828353882e-02,8.982779085636138916e-02,-1.554562151432037354e-01,3.313881903886795044e-02,1.452923193573951721e-02,-9.772536903619766235e-02,-1.395537108182907104e-01,-2.975622750818729401e-02,6.034292280673980713e-02,-5.560158193111419678e-02,8.307331800460815430e-02,3.400542438030242920e-01,2.668039128184318542e-02,-2.301338315010070801e-02,-8.520261198282241821e-02,-6.404724717140197754e-02,-2.493593841791152954e-02,-1.701568514108657837e-01,6.219324097037315369e-02,-7.737576961517333984e-02,-9.550417959690093994e-02,1.147554591298103333e-01,-2.145546078681945801e-01,-2.070906758308410645e-01,1.584242880344390869e-01,1.778436750173568726e-01,-1.665121167898178101e-01,4.012919962406158447e-01,-2.331435233354568481e-01,-1.293130218982696533e-01,9.366378933191299438e-02,6.505926605314016342e-03,-2.236440964043140411e-02,-7.092998176813125610e-02,-3.869775682687759399e-02,2.297562211751937866e-01,-1.282090973109006882e-02,-3.581278026103973389e-02,-3.819081559777259827e-02,-1.622870564460754395e-01,1.509978175163269043e-01
8.199927955865859985e-02,-1.533418148756027222e-02,-2.841167747974395752e-01,-3.477097451686859131e-01,-2.325710467994213104e-02,-5.564194545149803162e-02,1.867589540779590607e-02,5.005974322557449341e-02,-1.436574757099151611e-01,-7.689203321933746338e-02,-4.237448275089263916e-01,1.746633350849151611e-01,1.615979671478271484e-01,-8.063708990812301636e-02,-1.335873007774353027e-01,2.051633894443511963e-01,-1.319046039134263992e-02,8.807562291622161865e-02,-1.060132160782814026e-01,-1.160916686058044434e-01,7.618187367916107178e-02,1.657851636409759521e-01,-4.253137111663818359e-02,-5.225918069481849670e-02,-1.922458261251449585e-01,4.203350469470024109e-02,-1.444698423147201538e-01,2.166678607463836670e-01,2.970600128173828125e-01,-5.447235330939292908e-02,-1.385191828012466431e-01,-4.427590966224670410e-02,1.396438181400299072e-01,-4.230020046234130859e-01,-3.560062125325202942e-02,9.819752536714076996e-03,-8.108361810445785522e-02,-6.249744072556495667e-02,8.754182606935501099e-02,-1.613362133502960205e-01,1.593058556318283081e-01,4.021511226892471313e-02,-3.089389204978942871e-02,1.628046631813049316e-01,2.158677875995635986e-01,2.298920303583145142e-01,2.694207988679409027e-02,-1.966706663370132446e-01,-3.386587500572204590e-01,-8.871538937091827393e-02,6.479878444224596024e-03,4.263840243220329285e-02,1.034358739852905273e-01,3.228415176272392273e-02,1.932890713214874268e-01,7.281250506639480591e-02,2.214994430541992188e-01,5.975808575749397278e-02,8.730921149253845215e-02,2.849113754928112030e-02,-2.466486021876335144e-02,-3.308534920215606689e-01,-1.467615813016891479e-01,1.056056171655654907e-01,-1.540938019752502441e-01,-3.318201601505279541e-01,-1.052893698215484619e-01,7.560293190181255341e-03,1.860312670469284058e-01,-2.816831171512603760e-01,-1.548764109611511230e-01,1.075781360268592834e-01,-1.480291485786437988e-01,-1.454800814390182495e-01,-8.963626623153686523e-02,9.202205389738082886e-02,7.595220953226089478e-02,6.995942909270524979e-03,-1.391298472881317139e-01,-8.403773605823516846e-02,-6.226513162255287170e-02,-1.473522838205099106e-02,1.203351095318794250e-01,-6.522371619939804077e-02,3.519874066114425659e-02,-1.201592460274696350e-01,1.607414484024047852e-01,9.124789386987686157e-02,-5.006006360054016113e-02,1.017420366406440735e-01,-1.652463339269161224e-02,6.572721898555755615e-02,-2.416220754384994507e-01,1.666520237922668457e-01,-1.788195595145225525e-02,-1.995528787374496460e-01,1.750129163265228271e-01,2.192068248987197876e-01,-2.315045148134231567e-01,8.194609731435775757e-02,6.381900608539581299e-02,-1.993081718683242798e-01,1.454055011272430420e-01,8.456665277481079102e-02,-7.075528055429458618e-02,1.294299513101577759e-01,2.457919903099536896e-02,-1.756216138601303101e-01,-1.607564091682434082e-01,-4.248078167438507080e-02,2.680692076683044434e-02,-3.942020237445831299e-02,-1.960389167070388794e-01,1.623039990663528442e-01,1.690161526203155518e-01,1.263094246387481689e-01,4.336035996675491333e-02,-2.557564973831176758e-01,1.834317743778228760e-01,-9.737804532051086426e-02,1.542660593986511230e-01,-1.908244043588638306e-01,-2.824279852211475372e-02,4.577605053782463074e-02,1.362758427858352661e-01,-6.339303404092788696e-02,5.809340253472328186e-02,6.577411293983459473e-02,1.062124129384756088e-02,-5.825677886605262756e-03,1.628271653316915035e-03,-2.175408881157636642e-03,1.239729896187782288e-01,2.342705056071281433e-02,3.955056425184011459e-03,1.919101178646087646e-01,2.735457718372344971e-01,-2.305248379707336426e-01,-8.131030946969985962e-02,1.737954840064048767e-02,-1.099248081445693970e-01,1.157192364335060120e-01,2.643487453460693359e-01,2.190767228603363037e-01,-5.441854521632194519e-02,2.166226506233215332e-02,-1.578395068645477295e-01,1.641364246606826782e-01,1.508397161960601807e-01,-3.702482581138610840e-02,2.029256969690322876e-01,-1.865500397980213165e-02,1.440722793340682983e-01,1.363696753978729248e-01,-1.520338803529739380e-01,1.167753115296363831e-01,-2.539461255073547363e-01,1.214933097362518311e-01,7.691855728626251221e-02,1.734818816184997559e-01,-2.952737808227539062e-01,1.782634407281875610e-01,-1.935673803091049194e-01,7.854583859443664551e-02,-9.443125128746032715e-02,2.491953372955322266e-01,1.844486780464649200e-02,4.624644294381141663e-02,-9.374091029167175293e-02,8.687940984964370728e-02,-1.538881212472915649e-01,5.019444227218627930e-02,-7.258731871843338013e-02,1.801512837409973145e-01,3.232994377613067627e-01,-1.535214781761169434e-01,-1.852283030748367310e-01,-3.492603451013565063e-02,-3.264288417994976044e-03,1.018914952874183655e-02,1.574026048183441162e-01,-9.666068106889724731e-02,1.570683270692825317e-01,-5.315390974283218384e-02,-2.664831280708312988e-01,-2.772875726222991943e-01,-3.557639122009277344e-01,-3.113809786736965179e-02,-5.491407588124275208e-02,1.613299250602722168e-01,4.235761985182762146e-02,-1.731576956808567047e-02,1.371453851461410522e-01,2.666035294532775879e-01,2.049084603786468506e-01,-2.725409269332885742e-01,2.948812842369079590e-01,3.355082124471664429e-02,-3.680861368775367737e-02,-7.936795055866241455e-02,3.989659249782562256e-02,1.540803932584822178e-03,-1.810626387596130371e-01,-2.441301941871643066e-03,1.344455033540725708e-01,-9.102510660886764526e-02,2.068087756633758545e-01,-1.018057018518447876e-01,3.810524940490722656e-02,1.100194603204727173e-01,-4.475107789039611816e-01,-1.148605272173881531e-01,7.087985426187515259e-02,1.347062140703201294e-01,3.306736648082733154e-01,-7.196374237537384033e-02,-1.540601104497909546e-01,-1.620150730013847351e-02,-2.054284065961837769e-01,-4.186835139989852905e-02,-1.672506481409072876e-01,6.698083877563476562e-02,1.478959619998931885e-01,2.113222889602184296e-02,-2.906686067581176758e-01,-6.408318132162094116e-02,-1.462880223989486694e-01,-1.685937196016311646e-01,3.517944738268852234e-02,1.464857608079910278e-01,3.309898078441619873e-01,6.139096245169639587e-02,-6.229514628648757935e-02,-3.095499277114868164e-01,-1.736278384923934937e-01,-1.147190481424331665e-01,-8.716841042041778564e-02,2.681824006140232086e-02,-6.792321801185607910e-02,-1.393748968839645386e-01,-1.343414187431335449e-01,-1.651460826396942139e-01,-1.748533993959426880e-01,2.342892065644264221e-02,-1.416025608777999878e-01,-1.352484673261642456e-01,5.540527403354644775e-02,1.356289386749267578e-01,1.255413517355918884e-02,-4.108093678951263428e-02,-2.518177628517150879e-01,-1.826336383819580078e-01,-1.472993493080139160e-01,1.045192033052444458e-01,-1.135376319289207458e-01,-2.042837291955947876e-01
1.008792892098426819e-01,-4.094679355621337891e-01,2.601391449570655823e-02,6.438324600458145142e-02,-7.884614169597625732e-02,1.173515990376472473e-01,-1.762137115001678467e-01,-1.489776372909545898e-01,-1.561771035194396973e-01,1.168935596942901611e-01,4.115794599056243896e-02,1.678819060325622559e-01,2.154999971389770508e-01,8.201819658279418945e-02,1.750695556402206421e-01,1.915004551410675049e-01,1.993932202458381653e-02,-1.096803769469261169e-01,9.204628318548202515e-02,-1.043210476636886597e-01,6.378624588251113892e-02,-7.732364535331726074e-02,3.816369175910949707e-02,-9.692199528217315674e-02,2.960048057138919830e-02,-2.115029655396938324e-02,6.741256266832351685e-02,5.913250148296356201e-02,1.891202665865421295e-02,6.537772715091705322e-02,9.344569593667984009e-02,7.001422345638275146e-02,1.146008223295211792e-01,-9.134681522846221924e-02,1.358008831739425659e-01,6.538590043783187866e-02,1.055341586470603943e-01,-9.851168096065521240e-02,7.020396739244461060e-02,-4.130041599273681641e-02,-6.566690653562545776e-02,6.147041916847229004e-02,8.511856198310852051e-02,-4.770406708121299744e-02,1.122096255421638489e-01,5.472662672400474548e-02,9.213566035032272339e-02,-1.492611467838287354e-01,5.811373516917228699e-02,7.765095215290784836e-03,1.763606816530227661e-01,9.811839461326599121e-02,-8.588529378175735474e-02,-1.288207620382308960e-01,2.370239607989788055e-02,-1.165394764393568039e-02,3.667114675045013428e-02,1.173221319913864136e-01,-2.728067338466644287e-02,1.681285053491592407e-01,3.049696236848831177e-02,-2.972078323364257812e-02,-6.098736822605133057e-02,2.381518483161926270e-02,-8.517734706401824951e-02,-3.131127059459686279e-01,1.206466834992170334e-02,6.340614706277847290e-02,-1.342965364456176758e-01,1.877614259719848633e-01,2.350654751062393188e-01,-3.628516942262649536e-02,-1.861273795366287231e-01,1.620562970638275146e-01,-1.000786498188972473e-01,5.548885837197303772e-02,1.599567569792270660e-02,-1.388428360223770142e-01,1.637702286243438721e-01,1.930007040500640869e-01,-6.094621866941452026e-02,-8.610831946134567261e-02,6.015329156070947647e-03,-8.682902157306671143e-02,-5.698130279779434204e-02,3.487106412649154663e-02,1.136620566248893738e-01,9.706983715295791626e-02,6.247731670737266541e-02,-3.368979087099432945e-03,-4.634371493011713028e-03,-6.100508570671081543e-02,-2.674696743488311768e-01,1.123255491256713867e-01,3.319820971228182316e-04,-1.277649700641632080e-01,7.104843854904174805e-03,1.887837797403335571e-02,-6.706146150827407837e-02,-1.790577322244644165e-01,-2.691814303398132324e-02,-1.715040206909179688e-01,-8.428340405225753784e-02,-6.879138946533203125e-02,-4.803144559264183044e-02,1.636304520070552826e-02,8.735177665948867798e-02,-5.146823823451995850e-02,5.605169013142585754e-02,5.558132007718086243e-02,2.449298650026321411e-01,-1.319994777441024780e-01,1.697277836501598358e-02,-2.596791647374629974e-02,-2.223154157400131226e-01,5.367986857891082764e-02,-1.036940589547157288e-01,-1.846638694405555725e-02,9.191752970218658447e-02,-1.146762222051620483e-01,-5.467475950717926025e-02,-1.946416199207305908e-01,-3.021478652954101562e-01,2.422742359340190887e-02,1.039015203714370728e-01,2.042729109525680542e-01,-1.475491281598806381e-02,5.107000470161437988e-02,-1.129019036889076233e-01,-1.377448886632919312e-01,2.516862191259860992e-02,1.358429491519927979e-01,2.694677561521530151e-02,-1.835586279630661011e-01,-5.743602663278579712e-02,2.311448566615581512e-02,1.010241210460662842e-01,-3.665116382762789726e-03,7.553123682737350464e-02,1.147243157029151917e-01,1.339756548404693604e-01,-1.720037162303924561e-01,-7.211986184120178223e-02,-1.853012479841709137e-02,-1.937883496284484863e-01,1.627865284681320190e-01,-4.800256341695785522e-02,3.885966539382934570e-02,4.069240391254425049e-02,2.228775769472122192e-01,9.995850734412670135e-03,-6.604143977165222168e-02,1.203455179929733276e-01,-2.352488934993743896e-01,6.919002532958984375e-02,-1.236219331622123718e-01,7.745426148176193237e-02,5.130236223340034485e-02,1.685394644737243652e-01,-1.470192056149244308e-02,-1.982748359441757202e-01,4.337162151932716370e-02,-1.045362353324890137e-01,-2.343934327363967896e-01,-1.031968649476766586e-02,4.282990470528602600e-03,-1.369871497154235840e-01,-2.991458401083946228e-02,1.968984603881835938e-01,2.014363184571266174e-02,2.301288396120071411e-02,2.898808382451534271e-02,-3.911052644252777100e-02,7.580828852951526642e-03,-1.789764463901519775e-01,-3.815945610404014587e-02,-4.109251797199249268e-01,-2.017285674810409546e-01,4.824584815651178360e-03,-2.675430774688720703e-01,-8.574596606194972992e-03,-2.723824605345726013e-02,9.395682066679000854e-02,7.577125728130340576e-02,-2.716362178325653076e-01,-1.121283024549484253e-01,-1.483066678047180176e-01,1.320977360010147095e-01,2.483427822589874268e-01,1.444461345672607422e-01,-4.688815772533416748e-02,-1.989893317222595215e-01,-5.600804090499877930e-02,-1.503197848796844482e-01,-1.315504163503646851e-01,-3.634872287511825562e-02,1.027711853384971619e-01,-1.118241325020790100e-01,1.706360466778278351e-02,1.920422315597534180e-01,-1.581903845071792603e-01,6.694772839546203613e-02,-1.204295903444290161e-01,-8.069413155317306519e-02,-3.448136849328875542e-03,-8.612417615950107574e-03,-1.566252857446670532e-01,1.775264143943786621e-01,7.370673865079879761e-02,-1.783253252506256104e-01,-1.450989842414855957e-01,-2.965577542781829834e-01,1.142274364829063416e-01,-2.283976040780544281e-02,-2.203335613012313843e-02,-8.932385244406759739e-04,3.484055399894714355e-02,-2.809228375554084778e-03,1.354894042015075684e-02,1.353776305913925171e-01,1.177745088934898376e-01,-1.965158805251121521e-02,-1.441866010427474976e-01,1.063710823655128479e-01,-5.342495441436767578e-02,-1.232496872544288635e-01,-3.018499910831451416e-01,-1.373724192380905151e-01,-9.084501117467880249e-02,8.105439692735671997e-02,2.725916542112827301e-02,1.295324563980102539e-01,4.995684139430522919e-03,-4.539239406585693359e-02,-1.150459572672843933e-01,1.502706706523895264e-01,1.168013066053390503e-01,1.355490088462829590e-01,-1.814710497856140137e-01,-8.469045162200927734e-02,2.743741683661937714e-02,1.197276040911674500e-01,-1.105175986886024475e-01,6.980888545513153076e-02,-8.271984010934829712e-02,1.162119358777999878e-01,-1.699915379285812378e-01,-2.137833833694458008e-02,8.965618908405303955e-02,1.604008078575134277e-01,1.176839992403984070e-01,1.021208055317401886e-02,-1.060551032423973083e-02,7.627118378877639771e-02,-4.376900196075439453e-02,1.377986073493957520e-01
-7.489539682865142822e-02,1.930039077997207642e-01,-1.490569710731506348e-01,-5.051527917385101318e-02,-4.236065596342086792e-02,-3.092455677688121796e-02,3.397425264120101929e-02,-2.556163072586059570e-02,-1.301829963922500610e-01,-1.047437544912099838e-02,5.053770169615745544e-02,-8.864639699459075928e-02,4.525231570005416870e-02,-7.134173065423965454e-02,1.110460460186004639e-01,-1.623397022485733032e-01,-2.310042828321456909e-01,4.114881157875061035e-02,-1.021611541509628296e-01,-6.775169819593429565e-02,-2.005886286497116089e-01,-2.704868018627166748e-01,1.652986109256744385e-01,2.056067623198032379e-02,-7.629185914993286133e-02,-1.543793175369501114e-02,-1.988657414913177490e-01,-1.425933837890625000e-01,7.489904016256332397e-02,-2.405021041631698608e-01,-1.102334540337324142e-02,-7.248696684837341309e-02,-1.691330224275588989e-01,-1.823230683803558350e-01,7.644404470920562744e-02,-2.322590202093124390e-01,-2.003647536039352417e-01,-3.083071410655975342e-01,-2.453087642788887024e-02,-1.289243903011083603e-02,-9.683977812528610229e-03,-2.772374749183654785e-01,-1.403458416461944580e-02,1.153830587863922119e-01,6.695383787155151367e-02,1.263586133718490601e-01,-3.164261206984519958e-02,-4.087635129690170288e-02,3.497301135212182999e-03,-1.942976005375385284e-02,7.830671221017837524e-02,1.320187151432037354e-01,-2.059207670390605927e-02,3.552815690636634827e-02,7.296158373355865479e-02,-1.175321564078330994e-01,9.108812361955642700e-02,-3.663353994488716125e-02,4.922658577561378479e-02,7.025901228189468384e-02,-2.322551906108856201e-01,2.588145732879638672e-01,1.050155535340309143e-01,-7.416442036628723145e-02,-7.356845587491989136e-02,6.624792516231536865e-02,-3.148491680622100830e-01,2.473831921815872192e-01,-1.930104494094848633e-01,4.595858603715896606e-02,-7.357867807149887085e-02,-8.703739149495959282e-04,1.852292567491531372e-01,-4.976985976099967957e-03,1.429262943565845490e-02,-1.474292278289794922e-01,7.040876895189285278e-02,1.406375411897897720e-02,9.647170454263687134e-02,-2.922812700271606445e-01,-1.515911668539047241e-01,-1.279199123382568359e-01,2.389863729476928711e-01,-1.681652516126632690e-01,6.822627782821655273e-02,-1.612934321165084839e-01,-2.920037694275379181e-02,1.943672448396682739e-02,3.001812659204006195e-02,-6.530676037073135376e-02,-1.737721264362335205e-02,-8.685829490423202515e-02,1.119606662541627884e-02,-3.608636930584907532e-02,2.463522367179393768e-02,6.435005366802215576e-02,-7.207803428173065186e-02,-7.468054443597793579e-02,-9.921756386756896973e-02,-4.391708597540855408e-02,-8.150753378868103027e-02,-1.100144013762474060e-01,1.345896720886230469e-01,-1.028497666120529175e-01,-3.946985304355621338e-02,1.844913698732852936e-02,5.699503421783447266e-02,1.006912887096405029e-01,-1.162536516785621643e-01,1.703370362520217896e-01,2.597053907811641693e-02,-1.140095964074134827e-01,8.280135691165924072e-02,-1.502371281385421753e-01,3.731016814708709717e-02,-2.122618705034255981e-01,-5.960705503821372986e-02,-2.256681211292743683e-02,2.825853526592254639e-01,1.490531414747238159e-01,6.417263299226760864e-02,-2.510351836681365967e-01,-4.607075825333595276e-02,3.079837746918201447e-02,-1.565593332052230835e-01,1.328397542238235474e-02,6.994349509477615356e-02,-6.505033373832702637e-02,-1.191334798932075500e-01,-1.705297380685806274e-01,-3.152939677238464355e-01,9.374581277370452881e-02,-1.784286499023437500e-01,1.475412398576736450e-01,-3.048387467861175537e-01,-2.074126340448856354e-02,-2.252790033817291260e-01,7.003533095121383667e-02,-2.161443829536437988e-01,3.687303513288497925e-02,1.461160480976104736e-01,-2.009010314941406250e-01,-1.552997380495071411e-01,2.690745145082473755e-02,-4.334571212530136108e-02,-2.090166211128234863e-01,1.999007910490036011e-02,-2.935993298888206482e-02,-4.455648362636566162e-02,-1.587772071361541748e-01,-7.933594286441802979e-02,-1.636794954538345337e-01,-7.028733845800161362e-03,-2.457143273204565048e-03,5.234637483954429626e-02,1.453763097524642944e-01,-7.903037965297698975e-02,-3.184176683425903320e-01,4.307597875595092773e-02,5.251568555831909180e-02,-3.248445689678192139e-02,1.949285715818405151e-01,-9.593954682350158691e-02,-1.055008545517921448e-01,1.225377097725868225e-01,-2.042797207832336426e-01,-1.173121556639671326e-01,-6.954851746559143066e-02,-4.919697344303131104e-02,7.741203904151916504e-02,-1.337231546640396118e-01,1.570219360291957855e-02,5.910457577556371689e-03,-2.146405279636383057e-01,-1.865351647138595581e-01,1.200313344597816467e-01,-7.462957501411437988e-02,5.881566181778907776e-02,-4.051855206489562988e-02,-5.408286675810813904e-02,-2.761025540530681610e-02,-2.281014323234558105e-01,1.177048869431018829e-02,-4.017337784171104431e-02,-5.515867099165916443e-02,-2.843602597713470459e-01,-1.427290737628936768e-01,1.356567442417144775e-01,8.981129154562950134e-03,1.232258602976799011e-01,5.891259759664535522e-02,2.709713391959667206e-02,-2.120497673749923706e-01,-4.895918071269989014e-02,-1.232285276055335999e-01,-3.713845834136009216e-02,5.680774524807929993e-02,6.909655034542083740e-02,1.510598976165056229e-02,9.260018914937973022e-02,1.990703642368316650e-01,-1.059409752488136292e-01,-8.849850296974182129e-02,-6.983110308647155762e-02,-3.486148118972778320e-01,-1.443999558687210083e-01,-2.864532470703125000e-01,1.678671240806579590e-01,-1.231998354196548462e-01,-8.874499797821044922e-02,5.979180335998535156e-02,2.426717244088649750e-02,1.131573468446731567e-01,-5.891016125679016113e-02,-9.438433498144149780e-02,1.254037767648696899e-01,-8.607950806617736816e-02,-1.700477153062820435e-01,-1.662753224372863770e-01,-4.487893544137477875e-03,6.790624558925628662e-02,-1.671981662511825562e-01,-6.933481246232986450e-02,-1.026603113859891891e-02,-6.670009344816207886e-02,-2.047732621431350708e-01,4.452219605445861816e-02,-2.015757001936435699e-02,7.903631776571273804e-02,3.480974212288856506e-02,-6.364617496728897095e-02,4.803614690899848938e-02,-1.727602034807205200e-01,-1.431086212396621704e-01,-1.552523225545883179e-01,9.594725817441940308e-02,-1.991058588027954102e-01,4.497139900922775269e-02,-1.114644482731819153e-02,5.727411061525344849e-02,-1.793419569730758667e-01,-7.440424710512161255e-02,-9.427739679813385010e-02,1.137375310063362122e-01,2.466228231787681580e-02,1.444541383534669876e-02,1.823484450578689575e-01,2.035751380026340485e-02,-4.490019008517265320e-02,-8.616440743207931519e-02,-3.299657702445983887e-01,1.116091459989547729e-01,-1.649625897407531738e-01,1.229020729660987854e-01,-1.970288902521133423e-02,-2.346747368574142456e-02
-5.655555427074432373e-02,-5.087357014417648315e-02,7.029906660318374634e-02,-5.811687558889389038e-02,6.611423194408416748e-02,3.572103381156921387e-01,-1.303555369377136230e-01,-4.936461895704269409e-02,-4.884872213006019592e-02,1.420644950121641159e-02,9.673036634922027588e-02,-3.829707801342010498e-01,4.657666385173797607e-02,-2.275148034095764160e-01,-2.218183130025863647e-01,-2.057126015424728394e-01,-5.974015220999717712e-02,7.030260562896728516e-02,2.229478806257247925e-01,-6.967099756002426147e-02,1.879350468516349792e-02,3.502111136913299561e-02,-4.621616750955581665e-02,2.852078154683113098e-02,-7.518838346004486084e-02,1.369220670312643051e-02,1.276530325412750244e-01,-1.990496218204498291e-01,-1.340241134166717529e-01,-3.627768158912658691e-01,-1.982214748859405518e-01,-3.813068941235542297e-02,4.630664363503456116e-02,-8.893171697854995728e-02,7.240433245897293091e-02,7.129806280136108398e-02,6.925350427627563477e-02,-3.166950866580009460e-02,-9.650199115276336670e-02,-6.583773344755172729e-02,-1.808388531208038330e-01,5.018484964966773987e-02,1.867381334304809570e-01,-1.591919511556625366e-01,2.944553457200527191e-02,4.000721871852874756e-02,-1.331854313611984253e-01,2.082747966051101685e-01,2.927415966987609863e-01,5.740595236420631409e-02,-2.792888879776000977e-02,2.666836977005004883e-01,9.107992053031921387e-03,-3.206030651926994324e-02,-2.060771919786930084e-02,-1.211548522114753723e-01,1.033687870949506760e-02,-8.613320440053939819e-02,1.395290344953536987e-01,1.016987580806016922e-02,1.310046613216400146e-01,3.479043245315551758e-01,4.206215217709541321e-02,2.124883532524108887e-01,8.177191019058227539e-02,1.146310716867446899e-01,2.626310884952545166e-01,1.032423134893178940e-02,-1.873878687620162964e-01,5.562514066696166992e-03,-2.019781917333602905e-01,5.252711847424507141e-02,1.192561089992523193e-01,5.113440006971359253e-02,3.458564728498458862e-02,5.534692108631134033e-02,-1.065713316202163696e-01,-1.370019167661666870e-01,-5.891547724604606628e-02,4.529644548892974854e-02,1.452135294675827026e-01,1.596024446189403534e-02,-1.000397950410842896e-01,1.180801913142204285e-01,-2.865464985370635986e-01,-1.432914435863494873e-01,-1.208706870675086975e-01,-2.452329695224761963e-01,6.317485868930816650e-02,1.039554271847009659e-02,-2.939848415553569794e-02,-2.007816284894943237e-01,-1.278123166412115097e-02,-2.557832002639770508e-02,1.803714781999588013e-01,-2.569043636322021484e-01,-4.161531850695610046e-02,1.950601488351821899e-01,8.289140649139881134e-03,1.253083050251007080e-01,-2.110403031110763550e-01,-7.022554427385330200e-02,-1.197598427534103394e-01,-2.305591255426406860e-01,2.394141405820846558e-01,5.502075701951980591e-02,4.818152263760566711e-02,-1.674304157495498657e-01,-1.627036482095718384e-01,1.927082836627960205e-01,8.141274005174636841e-02,8.360507339239120483e-02,-4.645266011357307434e-02,-2.160752192139625549e-02,-2.313205786049365997e-02,1.186497360467910767e-01,-2.598428167402744293e-02,3.195276111364364624e-02,2.230531573295593262e-01,-6.354701519012451172e-02,6.802865862846374512e-02,2.540286779403686523e-01,1.489056833088397980e-02,-1.221970468759536743e-01,1.388736367225646973e-01,-1.788469031453132629e-02,3.398367017507553101e-02,-3.225953876972198486e-02,2.074989527463912964e-01,1.147145852446556091e-01,1.744707971811294556e-01,1.777057200670242310e-01,-2.691588178277015686e-02,-4.549903795123100281e-02,-1.630463153123855591e-01,-2.520135343074798584e-01,-3.057966753840446472e-02,2.350385487079620361e-01,-3.447137773036956787e-02,2.356569468975067139e-02,8.731114864349365234e-02,2.492826133966445923e-01,3.986250236630439758e-02,-1.817991435527801514e-01,-7.263533771038055420e-02,3.102722018957138062e-02,-5.418004095554351807e-02,8.821443654596805573e-03,-1.550586894154548645e-02,-9.800835512578487396e-03,1.014555469155311584e-01,-2.901003956794738770e-01,1.098723337054252625e-01,-1.148585416376590729e-02,-6.743664294481277466e-02,1.105103269219398499e-01,-1.267486065626144409e-01,-1.431924551725387573e-01,6.359534710645675659e-02,-2.543089166283607483e-02,2.123813033103942871e-01,-1.150190308690071106e-01,6.122234091162681580e-02,3.724093362689018250e-02,-4.545925930142402649e-02,-1.062146276235580444e-01,5.395695567131042480e-02,-5.799702368676662445e-03,-2.874123491346836090e-02,-4.028884321451187134e-02,3.032047767192125320e-03,2.163137942552566528e-01,-6.158218905329704285e-02,7.310364395380020142e-02,-7.724159955978393555e-02,-2.361650019884109497e-01,7.032774388790130615e-02,1.787191033363342285e-01,9.240603446960449219e-02,-7.900611311197280884e-02,8.637463301420211792e-02,-1.330626904964447021e-01,-2.280489504337310791e-01,4.657709039747714996e-03,-1.463802754878997803e-01,4.139231890439987183e-02,-5.717662349343299866e-02,-7.739228196442127228e-03,5.197327956557273865e-02,1.790972650051116943e-01,-2.401506341993808746e-02,-2.189444899559020996e-01,-2.736196108162403107e-02,1.015448123216629028e-01,8.746495842933654785e-02,1.978693604469299316e-01,8.569049835205078125e-02,6.133777275681495667e-02,-2.256224397569894791e-04,4.856096580624580383e-02,6.448708474636077881e-02,1.299779117107391357e-01,-4.629817232489585876e-02,1.117429435253143311e-01,2.501447871327400208e-02,2.195738703012466431e-01,-4.650000110268592834e-02,-1.685234904289245605e-01,1.032769605517387390e-01,1.977891027927398682e-01,1.661890596151351929e-01,1.672925651073455811e-01,-1.300664618611335754e-02,-8.144953101873397827e-02,-6.538501381874084473e-02,-2.290834635496139526e-01,-1.305720657110214233e-01,6.605438888072967529e-02,-1.600235700607299805e-02,-1.376462280750274658e-01,2.431922256946563721e-01,2.166328430175781250e-01,-6.137818470597267151e-02,-2.280401140451431274e-01,1.909794844686985016e-02,1.337421685457229614e-01,9.571156650781631470e-02,4.886546730995178223e-02,-2.230877876281738281e-01,-2.379922568798065186e-01,2.004694193601608276e-01,-2.010377049446105957e-01,-9.608089923858642578e-02,1.126177981495857239e-01,3.090742416679859161e-02,-3.399318158626556396e-01,-1.135048717260360718e-01,-7.646588608622550964e-03,7.146476954221725464e-02,-2.493480145931243896e-01,-5.040466412901878357e-02,6.108822301030158997e-02,-1.351043283939361572e-01,-2.045717090368270874e-01,-9.338964521884918213e-02,-1.217775568366050720e-01,-5.660129711031913757e-02,-3.252195417881011963e-01,-1.608786433935165405e-01,-1.873813867568969727e-01,9.967420250177383423e-02,-3.417321741580963135e-01,3.435879945755004883e-02,-3.049888312816619873e-01,-1.385313719511032104e-01,-7.642427831888198853e-02
-7.551340758800506592e-02,-9.533699601888656616e-03,3.166941180825233459e-02,-2.399746328592300415e-01,-1.877968609333038330e-01,1.497229784727096558e-01,-6.383361760526895523e-03,-7.341786473989486694e-02,-9.026116877794265747e-02,-2.999243885278701782e-02,-5.596959218382835388e-02,-3.773122727870941162e-01,1.218307763338088989e-01,-3.364989459514617920e-01,-7.718050479888916016e-02,-1.010259240865707397e-01,1.886805146932601929e-01,2.969936430454254150e-01,7.972132414579391479e-02,1.657534241676330566e-01,-2.260079532861709595e-01,1.812896579504013062e-01,-2.337131798267364502e-01,-9.956923127174377441e-02,-1.942109167575836182e-01,1.326668560504913330e-01,2.103851288557052612e-01,-1.225302144885063171e-01,3.777943551540374756e-01,-6.756864488124847412e-02,3.305834159255027771e-02,-3.403559327125549316e-02,-2.277334034442901611e-01,8.012209832668304443e-02,-3.631753623485565186e-01,5.601043626666069031e-02,-2.840953767299652100e-01,3.081609494984149933e-02,-2.331264615058898926e-01,-5.651175230741500854e-02,-1.924914419651031494e-01,-6.458497047424316406e-02,-5.879763886332511902e-02,-3.184927105903625488e-01,4.288635253906250000e-01,3.119205683469772339e-02,2.520644105970859528e-02,-1.054980158805847168e-01,-1.916520744562149048e-01,-1.946063041687011719e-01,-1.979026794433593750e-01,-3.270002901554107666e-01,1.216082274913787842e-01,4.982601478695869446e-02,1.747300475835800171e-01,4.374042327981442213e-04,-8.986639231443405151e-02,-2.878455221652984619e-01,1.665551960468292236e-02,5.936802178621292114e-02,-1.895639747381210327e-01,-1.979192644357681274e-01,-3.620719909667968750e-01,-1.091885268688201904e-01,2.019290775060653687e-01,-1.580146253108978271e-01,3.711671382188796997e-02,1.402035802602767944e-01,-2.531034946441650391e-01,-7.891344279050827026e-02,6.612288951873779297e-02,-7.125042378902435303e-02,1.081646606326103210e-01,-6.465253233909606934e-02,-1.252125576138496399e-02,-3.880025073885917664e-02,-8.172696083784103394e-02,-1.456356346607208252e-01,-1.710725575685501099e-01,-2.543506622314453125e-01,-1.947077177464962006e-02,-4.814525321125984192e-02,9.885983169078826904e-02,1.824094951152801514e-01,-4.516771435737609863e-02,2.241693139076232910e-01,-1.215721741318702698e-01,1.122809350490570068e-01,7.662670314311981201e-02,2.326865345239639282e-01,6.178057938814163208e-02,-1.520516425371170044e-01,-1.738552749156951904e-01,-2.449748106300830841e-02,-1.019824221730232239e-01,-8.489074185490608215e-03,9.191028773784637451e-02,8.767827600240707397e-02,3.940988704562187195e-02,-8.294274657964706421e-02,-1.563330143690109253e-01,4.582634940743446350e-02,5.621425589197315276e-05,1.003255546092987061e-01,7.422447949647903442e-02,8.895306289196014404e-02,8.394505828619003296e-02,-1.087052561342716217e-02,2.284979373216629028e-01,6.178345531225204468e-03,-2.712415158748626709e-01,-5.762543156743049622e-02,1.109010949730873108e-01,-2.161901444196701050e-01,-8.238767087459564209e-02,-1.075901165604591370e-01,1.414014101028442383e-01,9.060375392436981201e-03,1.509857624769210815e-01,2.780215144157409668e-01,1.354731037281453609e-03,5.319244787096977234e-02,5.356214195489883423e-02,-1.243580784648656845e-02,-1.751394569873809814e-01,1.355708092451095581e-01,-2.113356739282608032e-01,2.111186385154724121e-01,7.560801506042480469e-02,-1.087157130241394043e-01,1.279126703739166260e-01,-1.302679926156997681e-01,6.120946491137146950e-04,-1.957522630691528320e-01,6.422848999500274658e-02,-2.577615082263946533e-01,6.819790601730346680e-02,3.502239659428596497e-02,5.578852817416191101e-02,-3.166820704936981201e-01,2.612137980759143829e-02,-1.224781665951013565e-02,1.058643460273742676e-01,-5.071131512522697449e-02,5.489273928105831146e-03,5.953919515013694763e-02,3.553660586476325989e-02,5.359292402863502502e-02,-1.663390696048736572e-01,8.206064254045486450e-02,1.472754031419754028e-01,-2.953656315803527832e-01,-7.257512956857681274e-02,1.007365882396697998e-01,1.586032956838607788e-01,-1.608810871839523315e-01,-1.580297648906707764e-01,-9.739771485328674316e-02,1.631307899951934814e-01,-6.594493985176086426e-02,1.118822991847991943e-01,3.805508464574813843e-02,-1.428007483482360840e-01,-5.229424685239791870e-02,-4.405792802572250366e-02,-4.755555838346481323e-02,-1.748636662960052490e-01,-1.886150985956192017e-01,3.506287932395935059e-02,-1.065241452306509018e-02,6.984973698854446411e-02,-5.095065012574195862e-02,1.216756254434585571e-01,-2.582078278064727783e-01,-2.905120253562927246e-01,-1.343376655131578445e-02,2.362075299024581909e-01,3.910365700721740723e-02,5.801764875650405884e-02,-1.386649459600448608e-01,-5.560373887419700623e-02,1.505263522267341614e-02,2.299632877111434937e-01,-1.732783466577529907e-01,9.842368960380554199e-02,-6.316770613193511963e-02,4.350160807371139526e-02,-2.378564029932022095e-01,-2.432300522923469543e-02,-9.296578355133533478e-03,-4.231167212128639221e-02,-6.896079052239656448e-03,-3.180671855807304382e-02,2.739053964614868164e-01,-9.022759646177291870e-02,-1.710078213363885880e-04,-1.164957731962203979e-01,-1.086734607815742493e-01,2.843165025115013123e-02,-1.017688065767288208e-01,-3.696420788764953613e-02,1.729516126215457916e-02,1.044022291898727417e-01,-2.439622282981872559e-01,4.049761686474084854e-03,-7.859013229608535767e-02,-6.314236670732498169e-02,-3.265759348869323730e-01,-8.092765510082244873e-02,2.895945906639099121e-01,7.743674516677856445e-02,9.321301430463790894e-02,-2.021674960851669312e-01,-4.269623011350631714e-02,-2.017859742045402527e-02,-2.048580944538116455e-01,-1.051794067025184631e-01,2.896496653556823730e-01,1.712240427732467651e-01,-1.762001514434814453e-01,3.967261314392089844e-01,-4.826154187321662903e-02,3.134204447269439697e-02,-2.229261249303817749e-01,1.522394567728042603e-01,-2.202640771865844727e-01,9.018933027982711792e-02,6.329431384801864624e-02,-1.211048737168312073e-01,1.685725152492523193e-01,2.777764201164245605e-02,1.173684597015380859e-01,-6.714962422847747803e-02,4.096671938896179199e-02,1.684236377477645874e-01,-1.429477483034133911e-01,7.051549106836318970e-02,-9.251672774553298950e-02,-2.835963666439056396e-02,-1.336944699287414551e-01,1.354441791772842407e-02,-1.205895543098449707e-01,-9.655376896262168884e-03,-2.038229852914810181e-01,1.175028979778289795e-01,9.590426087379455566e-02,-1.706805229187011719e-01,9.800030291080474854e-02,-1.953616291284561157e-01,-1.684338599443435669e-02,1.360587328672409058e-01,1.747454106807708740e-01,1.360224746167659760e-02,4.028427880257368088e-03,-1.902180612087249756e-01,1.835234314203262329e-01
7.724737282842397690e-03,-2.650032043457031250e-01,-5.719624459743499756e-02,-5.021533370018005371e-02,-2.734223604202270508e-01,-1.359984278678894043e-01,-5.970968678593635559e-02,1.598896980285644531e-01,-5.155735835433006287e-02,-2.776402980089187622e-02,-3.777053905650973320e-03,4.047216847538948059e-03,5.115465819835662842e-02,7.143081724643707275e-02,7.548887282609939575e-02,-3.707476332783699036e-02,-2.741625346243381500e-02,-3.006460964679718018e-01,9.062359482049942017e-02,-5.497933179140090942e-02,-2.114084362983703613e-01,-4.588828422129154205e-03,3.673885762691497803e-02,1.575703620910644531e-01,4.273892939090728760e-02,-6.458553671836853027e-02,-7.009861618280410767e-02,-8.417163789272308350e-02,-7.046519219875335693e-02,-1.603255863301455975e-03,-6.740745902061462402e-02,8.167368173599243164e-02,-4.185143485665321350e-02,-4.668837189674377441e-01,-4.863208159804344177e-02,4.391044750809669495e-02,6.157581508159637451e-02,7.143125683069229126e-02,-1.050370484590530396e-01,1.152781620621681213e-01,-2.094920910894870758e-02,1.313035935163497925e-01,9.048280864953994751e-02,-7.415144145488739014e-02,-3.853154182434082031e-02,-1.243439540266990662e-01,1.110312268137931824e-01,5.988797545433044434e-02,-1.490637660026550293e-02,-2.500741183757781982e-01,4.090487584471702576e-02,-7.808596640825271606e-02,-1.041341349482536316e-01,1.865768879652023315e-01,-1.274140328168869019e-01,5.953467451035976410e-03,1.052901670336723328e-01,-8.633770048618316650e-03,5.491698905825614929e-02,9.157228283584117889e-03,-7.400196045637130737e-02,-1.618070453405380249e-01,-2.041708976030349731e-01,1.203482002019882202e-01,-3.766175359487533569e-02,-2.498930692672729492e-02,1.778454482555389404e-01,1.203509867191314697e-01,-2.932099103927612305e-01,-7.481566816568374634e-02,-1.301631238311529160e-02,3.992496803402900696e-02,1.781856454908847809e-02,-1.022418141365051270e-01,1.809438019990921021e-01,-1.003686040639877319e-01,5.805603414773941040e-02,8.333119750022888184e-02,-3.863830864429473877e-02,6.711519509553909302e-02,-8.636197447776794434e-02,-2.637821435928344727e-01,4.811956733465194702e-02,-8.208984881639480591e-02,8.842571824789047241e-02,1.846830844879150391e-01,6.491451710462570190e-02,7.633005082607269287e-02,-7.774793356657028198e-02,-4.481858760118484497e-02,5.411908030509948730e-02,-1.761008203029632568e-01,1.307681947946548462e-01,5.971492826938629150e-02,-1.042422130703926086e-01,-2.615908905863761902e-02,-4.280970990657806396e-02,-2.000317275524139404e-01,-9.080997854471206665e-02,-2.320183813571929932e-01,7.533377408981323242e-02,3.321471437811851501e-02,-7.128044962882995605e-02,-2.466886490583419800e-02,2.495597898960113525e-01,-1.205791756510734558e-01,-1.069212332367897034e-01,-1.293621361255645752e-01,4.730421304702758789e-02,9.647788852453231812e-02,7.682015746831893921e-02,1.708805561065673828e-01,-2.976715750992298126e-02,1.089475452899932861e-01,1.152990013360977173e-01,8.793682605028152466e-02,-3.889819234609603882e-02,1.683201044797897339e-01,7.942569255828857422e-02,-2.396030277013778687e-01,-6.488832831382751465e-02,-3.157652169466018677e-02,-4.265588894486427307e-02,-1.337883621454238892e-02,6.939842365682125092e-03,-6.965630501508712769e-02,1.084042936563491821e-01,1.362206041812896729e-01,1.384497880935668945e-01,1.980019733309745789e-02,1.580790132284164429e-01,1.653016358613967896e-01,-2.189092040061950684e-01,4.214620217680931091e-02,-9.109073877334594727e-02,-1.891283392906188965e-01,-4.506448656320571899e-02,-8.985250443220138550e-02,1.618018448352813721e-01,1.112550403922796249e-02,8.432297036051750183e-03,1.595030426979064941e-01,-6.494715809822082520e-02,1.205383390188217163e-01,1.206109076738357544e-01,3.061154857277870178e-02,-1.159418299794197083e-01,2.343282103538513184e-01,1.502665877342224121e-02,3.165671974420547485e-02,-2.309866808354854584e-02,-1.623356491327285767e-01,4.604110494256019592e-02,-5.547022819519042969e-02,8.930480480194091797e-02,3.237161040306091309e-02,-3.382366523146629333e-02,6.008174270391464233e-02,-1.557278484106063843e-01,-1.066953390836715698e-01,-1.981461644172668457e-01,-1.467477083206176758e-01,-1.623547822237014771e-01,1.507011950016021729e-01,-1.066814810037612915e-01,-5.878828465938568115e-02,-1.317202299833297729e-02,-2.526090741157531738e-01,-9.906949847936630249e-02,-1.347694098949432373e-01,-3.470612168312072754e-01,6.964149884879589081e-03,-6.887041032314300537e-02,9.988714754581451416e-02,-1.419839560985565186e-01,-2.738364934921264648e-01,-1.398707330226898193e-01,3.135040029883384705e-02,-6.048707291483879089e-02,-7.373203523457050323e-03,1.578705757856369019e-01,-5.994188040494918823e-02,3.210046589374542236e-01,-1.854876130819320679e-01,7.344815135002136230e-02,-6.802537292242050171e-02,-1.619647489860653877e-03,-1.730795353651046753e-01,6.640198826789855957e-02,1.638440787792205811e-01,-7.904425263404846191e-03,-2.389166653156280518e-01,2.864315807819366455e-01,-2.258507460355758667e-01,-2.343279421329498291e-01,-8.769261091947555542e-02,2.430450767278671265e-01,1.700713038444519043e-01,-7.545833289623260498e-02,-9.342008084058761597e-02,1.696880348026752472e-02,8.148357272148132324e-02,1.387069234624505043e-03,6.163245439529418945e-02,2.397104501724243164e-01,-7.494200952351093292e-03,-6.574123352766036987e-02,1.048599779605865479e-01,-1.310266852378845215e-01,-1.711341440677642822e-01,-3.416928350925445557e-01,-3.418794870376586914e-01,1.182735413312911987e-01,6.548714637756347656e-02,-1.623388677835464478e-01,3.963614255189895630e-02,2.380883991718292236e-01,-2.161465883255004883e-01,-1.058315187692642212e-01,1.929360777139663696e-01,1.078774034976959229e-01,-7.376403361558914185e-02,4.096941649913787842e-02,2.962381578981876373e-02,-2.766785919666290283e-01,2.571240998804569244e-02,-5.292010903358459473e-01,-1.041915789246559143e-01,1.619674265384674072e-02,-4.939149320125579834e-02,-8.619001507759094238e-02,5.960517376661300659e-02,-1.901163160800933838e-01,2.641415037214756012e-02,-1.318204998970031738e-01,1.744296252727508545e-01,-5.731832236051559448e-02,1.355961337685585022e-02,2.974554430693387985e-03,4.650000482797622681e-02,-1.122448146343231201e-01,1.672940999269485474e-01,1.113209351897239685e-01,1.282291486859321594e-02,7.371588051319122314e-02,-1.564098745584487915e-01,2.176927477121353149e-01,6.901383399963378906e-02,-4.251844435930252075e-02,-4.743900522589683533e-02,-1.922932118177413940e-01,-2.471895329654216766e-02,3.902265569195151329e-03,9.167645126581192017e-02,-5.934182181954383850e-02,-6.681975722312927246e-02
3.002063557505607605e-02,6.540092639625072479e-03,-1.954604312777519226e-02,-2.748070359230041504e-01,-6.725817173719406128e-02,-1.115304231643676758e-01,-2.452046871185302734e-01,-4.458757862448692322e-02,-2.434394508600234985e-01,2.926956117153167725e-01,-7.010359317064285278e-03,-2.422878742218017578e-01,-1.176259219646453857e-01,-2.504841685295104980e-01,-1.608504056930541992e-01,-2.330004796385765076e-02,2.329831421375274658e-01,8.388402871787548065e-03,2.845715545117855072e-02,1.402566432952880859e-01,-1.709057986736297607e-01,9.073477238416671753e-03,-1.470372080802917480e-01,-6.259289383888244629e-02,2.555085718631744385e-01,-2.341248281300067902e-02,8.904960006475448608e-02,-7.322081178426742554e-02,3.773338496685028076e-01,2.434402890503406525e-02,-1.232831329107284546e-01,2.797779254615306854e-02,1.863657534122467041e-01,1.718817502260208130e-01,7.664654403924942017e-04,1.267165988683700562e-01,-4.226587414741516113e-01,-1.697515100240707397e-01,-9.107068181037902832e-02,-2.222739160060882568e-02,4.286222159862518311e-02,-1.747909002006053925e-02,-5.214444547891616821e-02,1.893532276153564453e-02,9.351455420255661011e-02,5.113520473241806030e-02,2.906264923512935638e-02,-5.267337709665298462e-02,1.339142918586730957e-01,4.630773514509201050e-02,-7.845047861337661743e-02,8.697692304849624634e-02,-1.160661354660987854e-01,-8.131796121597290039e-02,-1.340432912111282349e-01,-2.927702367305755615e-01,-5.238709505647420883e-03,-7.532121241092681885e-02,4.102333635091781616e-02,7.101324154064059258e-04,5.038418248295783997e-02,1.760655082762241364e-02,9.430221468210220337e-02,-1.592340618371963501e-01,-6.896894425153732300e-02,-8.145135641098022461e-02,2.920676581561565399e-02,-3.156445920467376709e-02,-6.500165164470672607e-02,2.138604819774627686e-01,8.641273528337478638e-02,-1.748087406158447266e-01,-7.817617617547512054e-03,-2.142728269100189209e-01,8.752988069318234921e-04,-7.290327548980712891e-02,-7.950860261917114258e-02,-5.491032265126705170e-03,-1.702175140380859375e-01,2.069362998008728027e-02,1.263305097818374634e-01,-5.653407424688339233e-02,1.440171599388122559e-01,8.226767927408218384e-02,8.753268420696258545e-02,-2.008071169257164001e-02,1.024406924843788147e-01,5.527875572443008423e-02,9.970488399267196655e-02,2.213421463966369629e-02,1.281119138002395630e-01,-5.606376752257347107e-02,2.014818973839282990e-02,-1.388686597347259521e-01,-2.070376574993133545e-01,6.364206969738006592e-02,-2.368053421378135681e-02,-4.613890498876571655e-02,-6.348568201065063477e-02,2.155322290491312742e-04,4.387684911489486694e-02,1.588329672813415527e-01,-9.773349761962890625e-02,7.137368619441986084e-02,1.143285855650901794e-01,1.209274381399154663e-01,2.177133411169052124e-01,-8.832216262817382812e-02,1.750860176980495453e-02,-7.575804740190505981e-02,1.315569132566452026e-01,1.081326007843017578e-01,8.683263510465621948e-02,1.016899794340133667e-01,1.426989138126373291e-01,-7.916144281625747681e-02,5.140874534845352173e-02,-2.169986665248870850e-01,-1.853257566690444946e-01,-1.605461984872817993e-01,-1.397355049848556519e-01,-1.601147931069135666e-03,-8.655089884996414185e-02,-4.243068769574165344e-02,-4.630535840988159180e-02,-2.446159906685352325e-02,7.132530212402343750e-02,-1.134582608938217163e-01,-5.268403794616460800e-03,-1.765793561935424805e-01,9.940898418426513672e-02,3.070891089737415314e-02,6.241462007164955139e-02,-1.578028127551078796e-02,1.868137270212173462e-01,-1.997143477201461792e-01,-4.086001589894294739e-02,-3.023887872695922852e-01,-4.004478454589843750e-02,-4.604633450508117676e-01,1.775240451097488403e-01,-1.352378726005554199e-02,1.220659073442220688e-02,1.484778430312871933e-02,1.400589644908905029e-01,-5.265533924102783203e-02,9.115725010633468628e-02,3.335979580879211426e-02,-1.855963617563247681e-01,3.935842961072921753e-02,4.796092584729194641e-02,-2.332149296998977661e-01,3.096812069416046143e-01,5.588198825716972351e-02,2.942515611648559570e-01,-2.627574503421783447e-01,1.248998269438743591e-01,-2.104898691177368164e-01,3.045465648174285889e-01,5.966546013951301575e-02,1.265574246644973755e-02,-4.321658983826637268e-02,-5.458785966038703918e-02,5.777219310402870178e-02,-3.877949342131614685e-02,-1.080985590815544128e-01,-3.842365741729736328e-02,-1.021835058927536011e-01,-9.548882395029067993e-02,1.177121177315711975e-01,2.165158540010452271e-01,-1.925059556961059570e-01,-3.320046467706561089e-03,-1.822245866060256958e-01,4.675752483308315277e-03,-1.433011293411254883e-01,-1.524623632431030273e-01,2.400335110723972321e-02,-2.957911789417266846e-01,-4.930159822106361389e-02,-4.789139144122600555e-03,-6.613496690988540649e-02,1.068311631679534912e-01,-1.304293274879455566e-01,-8.870361745357513428e-02,-7.067824900150299072e-02,-6.147448346018791199e-02,-1.798304021358489990e-01,1.830965280532836914e-01,2.485506422817707062e-02,-1.436083465814590454e-01,-1.192639842629432678e-01,1.099426206201314926e-02,-2.527781724929809570e-01,8.797913044691085815e-02,-1.926307678222656250e-01,-2.579508423805236816e-01,1.663553901016712189e-02,5.566855520009994507e-02,-3.193309009075164795e-01,-3.367285430431365967e-02,-2.581807971000671387e-01,1.461396664381027222e-01,-5.005130916833877563e-02,-6.890267878770828247e-02,-4.396466016769409180e-01,-7.844117283821105957e-02,7.145381998270750046e-03,6.648009270429611206e-02,2.189109325408935547e-01,-4.359936341643333435e-02,3.751689568161964417e-02,-3.281746059656143188e-02,1.275226473808288574e-01,-2.705706842243671417e-02,-1.185379400849342346e-01,-2.603663802146911621e-01,-1.645643115043640137e-01,3.747041150927543640e-02,-2.730819629505276680e-03,1.109355390071868896e-01,-2.039133198559284210e-02,-1.200622762553393841e-03,3.043372370302677155e-02,2.339672669768333435e-02,-9.972246736288070679e-02,7.826483994722366333e-02,-9.214604645967483521e-02,1.184086650609970093e-01,7.922199368476867676e-02,-2.738188207149505615e-01,-1.258178893476724625e-02,2.223877236247062683e-02,9.011685848236083984e-02,-1.151012778282165527e-01,1.662440299987792969e-01,4.907897859811782837e-02,-4.589223116636276245e-02,6.607951223850250244e-02,-1.334477514028549194e-01,1.884110569953918457e-01,-1.692043617367744446e-02,-4.935996606945991516e-02,7.427009940147399902e-02,-1.990972459316253662e-02,1.680587530136108398e-01,-1.438070982694625854e-01,7.977168262004852295e-02,-1.911358162760734558e-02,4.045317694544792175e-02,3.021519258618354797e-02,2.166402339935302734e-01,6.537823379039764404e-02,-1.931169331073760986e-01,3.717420250177383423e-02,2.917668037116527557e-02
2.170300297439098358e-02,2.312338948249816895e-01,-4.738482087850570679e-02,-1.960565336048603058e-02,2.141119726002216339e-02,-1.378640234470367432e-01,-2.037431895732879639e-01,-1.907639354467391968e-01,-2.237198352813720703e-01,-4.892778769135475159e-02,1.404921989887952805e-02,-8.329334855079650879e-02,1.086052805185317993e-01,-7.984856516122817993e-02,-7.916324771940708160e-03,-4.057725146412849426e-02,-5.184080451726913452e-02,1.555971354246139526e-01,6.724357604980468750e-02,7.616881281137466431e-02,1.555918753147125244e-01,-1.119364947080612183e-01,-5.628474801778793335e-02,-3.235455751419067383e-01,-7.384016364812850952e-02,2.567685209214687347e-02,7.212688028812408447e-02,-4.958457127213478088e-02,-3.066724166274070740e-02,6.967514008283615112e-02,7.072987966239452362e-03,-2.885828912258148193e-02,2.372730337083339691e-02,2.895421683788299561e-01,-2.852302789688110352e-02,3.970334678888320923e-02,1.163941398262977600e-01,-8.455824851989746094e-02,1.449449956417083740e-01,-1.603877395391464233e-01,-2.012923657894134521e-01,-2.322519123554229736e-01,-1.368851363658905029e-01,-3.633741661906242371e-02,7.827478647232055664e-02,1.091837063431739807e-01,1.844328194856643677e-01,2.713110856711864471e-02,-1.928509175777435303e-01,4.791009798645973206e-02,-1.268199384212493896e-01,4.495827853679656982e-02,7.332486659288406372e-02,-1.839565187692642212e-01,2.583737373352050781e-01,5.246302112936973572e-02,-1.884113848209381104e-01,-1.371421366930007935e-01,-4.768795669078826904e-01,1.788321733474731445e-01,-3.221638873219490051e-02,1.383657455444335938e-01,3.340901061892509460e-02,9.466500952839851379e-03,-6.985884904861450195e-02,-1.043576560914516449e-02,-1.413941085338592529e-01,8.954121172428131104e-02,1.536884009838104248e-01,-2.137324362993240356e-01,-1.627660095691680908e-01,-1.779751107096672058e-02,-2.048877179622650146e-01,-1.803036034107208252e-02,-6.593802571296691895e-02,2.210612148046493530e-01,-1.388008892536163330e-01,-3.474128991365432739e-02,-4.163317382335662842e-02,5.840441212058067322e-02,2.555719390511512756e-02,3.960352391004562378e-02,6.173583492636680603e-02,-3.598240017890930176e-02,3.074394911527633667e-02,-1.983241289854049683e-01,-1.968872696161270142e-01,2.865179255604743958e-02,-6.071420758962631226e-02,-3.797328844666481018e-02,4.026119410991668701e-02,3.695649281144142151e-02,-3.633475676178932190e-02,-1.010641455650329590e-01,-8.963637053966522217e-02,1.550765335559844971e-01,-1.070252805948257446e-01,1.285227388143539429e-01,6.126128509640693665e-02,1.662251353263854980e-01,-1.912738531827926636e-01,-1.881823837757110596e-01,-1.422202736139297485e-01,1.187641918659210205e-01,-9.328945539891719818e-03,9.394570440053939819e-02,-1.108870059251785278e-01,1.944487988948822021e-01,-1.038786843419075012e-01,3.883785381913185120e-02,-8.346820622682571411e-02,8.448688313364982605e-03,-3.305281326174736023e-02,-2.186549901962280273e-01,5.090533196926116943e-02,-1.580979079008102417e-01,1.987246423959732056e-02,3.080105781555175781e-02,1.059568226337432861e-01,2.700566649436950684e-01,1.371391862630844116e-01,-1.494785249233245850e-01,-7.126601785421371460e-02,-1.298712641000747681e-01,1.365704536437988281e-01,-9.421963244676589966e-02,-1.380675286054611206e-01,8.077583461999893188e-02,5.428707972168922424e-02,1.389837116003036499e-01,1.196695715188980103e-01,-1.563854813575744629e-01,7.969018071889877319e-02,3.421525284647941589e-02,-2.298108674585819244e-02,-1.340678483247756958e-01,-7.722555845975875854e-02,1.238685008138418198e-02,5.871306359767913818e-02,8.334331959486007690e-02,1.452596634626388550e-01,-3.805494681000709534e-02,3.988260403275489807e-03,-6.401386111974716187e-03,2.478132769465446472e-02,-7.209804654121398926e-02,1.669204793870449066e-02,-2.121976166963577271e-01,-1.748203337192535400e-01,-2.724639177322387695e-01,7.032661885023117065e-02,-1.379132866859436035e-01,-3.264497220516204834e-02,2.234092354774475098e-01,-1.074403002858161926e-01,8.242369443178176880e-02,1.652789413928985596e-01,-7.882996648550033569e-02,2.676055021584033966e-02,-2.148457467555999756e-01,-1.699917763471603394e-02,2.069552838802337646e-01,-2.928399480879306793e-02,9.964693337678909302e-02,9.869434684514999390e-02,1.994726946577429771e-03,-3.499811515212059021e-02,3.095006383955478668e-02,-8.903332054615020752e-04,1.557164341211318970e-01,8.932409435510635376e-02,-2.924742363393306732e-02,7.318422198295593262e-02,5.032927170395851135e-02,-3.004277125000953674e-02,1.035756096243858337e-01,-1.284604370594024658e-01,-2.351644039154052734e-01,-6.910022348165512085e-04,-1.845899969339370728e-01,-1.741916388273239136e-01,-9.375235438346862793e-02,-2.171969562768936157e-01,3.483088687062263489e-02,1.764954924583435059e-01,-2.175757475197315216e-02,-5.711021646857261658e-02,-1.308349519968032837e-01,1.636558175086975098e-01,-1.058327313512563705e-02,3.010547161102294922e-02,1.452645212411880493e-01,-2.136645466089248657e-01,-1.096007749438285828e-01,-8.428638102486729622e-04,-1.817865222692489624e-01,-2.633118629455566406e-02,-7.182817161083221436e-02,1.220665685832500458e-02,-1.117857024073600769e-01,1.464996635913848877e-01,4.613933339715003967e-02,2.060876786708831787e-02,-8.321877568960189819e-02,1.637203693389892578e-01,-5.609577521681785583e-03,-1.661855727434158325e-01,-3.316307067871093750e-02,1.541223824024200439e-01,5.141877755522727966e-02,-8.125887811183929443e-02,4.607763886451721191e-02,1.062992867082357407e-02,3.346861153841018677e-02,-1.097315084189176559e-02,6.426950544118881226e-02,-2.148609161376953125e-01,2.271688878536224365e-01,-1.053562685847282410e-01,-9.840007126331329346e-02,1.798289082944393158e-02,1.383154839277267456e-01,5.119474977254867554e-02,-2.425001375377178192e-02,-1.173833832144737244e-01,-1.388090103864669800e-02,-1.969408243894577026e-01,-1.002778261899948120e-01,1.444140225648880005e-01,-6.393621861934661865e-02,-9.689705818891525269e-02,-2.826487086713314056e-02,-1.207325384020805359e-01,1.747678667306900024e-01,-1.197848767042160034e-01,-5.532217770814895630e-02,-2.316863834857940674e-02,1.943814307451248169e-01,2.584645152091979980e-02,-6.461132317781448364e-02,-9.140449017286300659e-02,-8.941964060068130493e-02,-1.491127256304025650e-02,1.097552776336669922e-01,1.362095214426517487e-02,-3.397387266159057617e-02,1.495089083909988403e-01,-1.796365231275558472e-01,1.060650032013654709e-02,-1.101091653108596802e-01,-1.407290995121002197e-01,-1.032396256923675537e-01,-5.397475883364677429e-02,6.608681380748748779e-02,1.270411312580108643e-01,-5.704076029360294342e-03
2.253176085650920868e-02,-9.320867806673049927e-02,-1.079233139753341675e-01,-5.911457166075706482e-02,-1.696851551532745361e-01,1.760648004710674286e-02,8.523438125848770142e-02,-5.865771695971488953e-02,-1.013009576126933098e-03,-7.651167362928390503e-02,2.265561074018478394e-01,-4.888336360454559326e-02,-2.966351211071014404e-01,2.727370709180831909e-02,1.390551775693893433e-01,-5.918823182582855225e-02,5.957964062690734863e-02,-1.197701469063758850e-01,2.283051144331693649e-03,1.838309913873672485e-01,-1.185505688190460205e-01,-7.003981620073318481e-02,-3.282360732555389404e-02,-5.907059833407402039e-02,1.786964237689971924e-01,1.516284886747598648e-03,-5.222744122147560120e-02,-3.757185861468315125e-02,-1.218433082103729248e-01,1.253121495246887207e-01,-6.534559186547994614e-03,-1.087825521826744080e-01,-1.875880956649780273e-01,-4.042080044746398926e-02,2.990371733903884888e-02,-2.151018381118774414e-02,-5.277115106582641602e-02,1.097609549760818481e-01,-9.877078980207443237e-02,1.176546066999435425e-01,9.225720539689064026e-03,4.375611245632171631e-02,6.156187132000923157e-02,-1.487666368484497070e-01,3.639487113105133176e-05,-2.259716158732771873e-03,-1.314972490072250366e-01,6.595631688833236694e-02,-1.316349059343338013e-01,-1.411583125591278076e-01,-1.165574714541435242e-01,-3.793007507920265198e-02,1.692675054073333740e-01,-3.506208211183547974e-02,1.079983115196228027e-01,1.575745046138763428e-01,2.402864024043083191e-02,8.552107214927673340e-02,-4.783491790294647217e-02,-1.422475427389144897e-01,-1.452981978654861450e-01,1.180910021066665649e-01,-9.083915210794657469e-05,-1.265083700418472290e-01,7.750943303108215332e-02,1.435700803995132446e-01,-7.653266936540603638e-02,-9.152486175298690796e-02,-3.130056336522102356e-02,-8.660627156496047974e-02,2.037715464830398560e-01,-2.055717408657073975e-01,1.276973038911819458e-01,7.759319990873336792e-02,-2.046834118664264679e-02,-1.789911836385726929e-01,-1.240819692611694336e-02,2.237824082840234041e-05,-7.109297066926956177e-02,-9.320985525846481323e-02,-1.246659979224205017e-01,-9.347037971019744873e-02,1.119307279586791992e-01,-1.589441746473312378e-01,-1.943308413028717041e-01,1.169234737753868103e-01,-1.682192981243133545e-01,-1.201291307806968689e-01,5.610723793506622314e-02,3.785977885127067566e-02,2.162475883960723877e-01,-3.705472452566027641e-03,-2.509539127349853516e-01,1.364544928073883057e-01,1.298267096281051636e-01,-2.952532842755317688e-02,-4.296925291419029236e-02,1.238902881741523743e-01,-8.421918004751205444e-02,3.992627188563346863e-02,-4.933583363890647888e-02,-1.939560025930404663e-01,-1.086446642875671387e-01,1.934063993394374847e-02,-1.843992322683334351e-01,-1.582155190408229828e-02,-8.143593370914459229e-02,-1.338960528373718262e-01,5.990759283304214478e-02,6.649886816740036011e-02,1.096009239554405212e-01,-1.501802504062652588e-01,-2.180329561233520508e-01,-3.958062082529067993e-02,-1.449635326862335205e-01,2.873489074409008026e-02,1.623145043849945068e-01,4.143019020557403564e-02,2.369688302278518677e-01,1.559430509805679321e-01,9.594068676233291626e-02,-1.282370090484619141e-01,-2.513376474380493164e-01,1.182157024741172791e-01,2.606062404811382294e-02,5.203869193792343140e-02,-2.626014500856399536e-02,1.439300738275051117e-02,-3.622549399733543396e-02,-1.191511973738670349e-01,-2.888626046478748322e-02,-7.419831305742263794e-02,3.964963369071483612e-03,-9.152886271476745605e-02,1.140310615301132202e-01,-1.842610090970993042e-01,-3.369817733764648438e-01,-2.651985175907611847e-02,3.222453966736793518e-02,2.047049552202224731e-01,-9.654052555561065674e-02,2.121176719665527344e-01,-7.328044623136520386e-02,-1.749808788299560547e-01,1.215666905045509338e-01,-3.237479925155639648e-02,2.456346899271011353e-02,1.552187721244990826e-03,-1.238360852003097534e-01,7.560880482196807861e-02,9.166882187128067017e-02,-2.306787967681884766e-01,-7.263299077749252319e-02,-4.948902130126953125e-02,-2.710947021842002869e-02,4.769300110638141632e-03,-1.185458377003669739e-01,1.094852238893508911e-01,1.791002154350280762e-01,-2.370857596397399902e-01,-7.302814722061157227e-02,-2.009517103433609009e-01,-4.875037819147109985e-02,-1.461084187030792236e-01,-1.905330419540405273e-01,1.276948954910039902e-02,-1.539475023746490479e-01,2.984522469341754913e-02,1.675808727741241455e-01,9.032873809337615967e-02,-1.177467182278633118e-01,-2.233521938323974609e-01,-9.993980079889297485e-02,-1.246432512998580933e-01,-3.470250964164733887e-01,-3.911779075860977173e-02,-1.957132369279861450e-01,-1.613613814115524292e-01,-3.576332470402121544e-03,8.553141355514526367e-02,-9.708574414253234863e-02,1.375638693571090698e-01,-8.319369703531265259e-02,6.959392875432968140e-02,-7.199249416589736938e-02,2.070458382368087769e-01,1.876689046621322632e-01,-7.728775590658187866e-02,2.277790568768978119e-02,-2.292943000793457031e-01,-2.880841195583343506e-01,-9.372240304946899414e-02,1.386831402778625488e-01,2.089657485485076904e-01,-9.932100027799606323e-02,-5.358661338686943054e-02,-2.321144640445709229e-01,-3.333430364727973938e-02,-5.968481674790382385e-02,1.247066929936408997e-01,-7.925019413232803345e-02,2.714862227439880371e-01,-5.252653360366821289e-02,1.026833280920982361e-01,7.800073921680450439e-02,1.525266170501708984e-01,-2.267179191112518311e-01,4.315137118101119995e-02,-5.306980758905410767e-02,-1.181940883398056030e-01,-3.429589048027992249e-02,2.560175769031047821e-02,-2.106184065341949463e-01,-1.205673888325691223e-01,6.187044456601142883e-02,-9.827192872762680054e-02,-1.197919249534606934e-02,-1.217744126915931702e-01,-7.744289934635162354e-02,1.872419416904449463e-01,3.076473623514175415e-02,-9.310665726661682129e-02,3.783378377556800842e-02,8.458445966243743896e-02,-1.748569309711456299e-02,-6.962834298610687256e-02,1.345316022634506226e-01,3.731392920017242432e-01,-9.694638103246688843e-02,-1.688491702079772949e-01,-5.284878611564636230e-02,2.219365723431110382e-02,1.572916209697723389e-01,2.013312131166458130e-01,-1.261725425720214844e-01,2.331494353711605072e-02,-2.901267111301422119e-01,-5.776652321219444275e-02,1.817983090877532959e-01,1.529799699783325195e-01,2.585872113704681396e-01,2.478861063718795776e-01,4.736495912075042725e-01,1.307671219110488892e-01,-2.721832394599914551e-01,1.377429366111755371e-01,-8.782884478569030762e-02,-1.225804612040519714e-01,8.571482449769973755e-02,2.809273004531860352e-01,1.967913508415222168e-01,-1.638485193252563477e-01,-1.233311295509338379e-01,5.788644403219223022e-02,3.343090042471885681e-02,-8.254764974117279053e-02
-1.697285287082195282e-02,5.547214299440383911e-02,1.748045086860656738e-01,2.393000945448875427e-02,4.956443794071674347e-03,-6.760607659816741943e-02,-6.050474196672439575e-02,2.721756696701049805e-01,-2.607957832515239716e-02,-6.392131745815277100e-02,5.898799374699592590e-02,-3.604779392480850220e-02,-2.346251718699932098e-02,1.549400538206100464e-01,-8.414344489574432373e-02,-2.019454389810562134e-01,7.449294626712799072e-02,-2.956988513469696045e-01,-1.993476413190364838e-02,1.469239499419927597e-02,-1.630927808582782745e-02,2.115100026130676270e-01,1.787740141153335571e-01,2.147645354270935059e-01,-7.938756793737411499e-02,-4.461919516324996948e-02,-1.802961528301239014e-02,1.267007440328598022e-01,-2.175016887485980988e-02,-1.131804659962654114e-01,-1.031566113233566284e-01,1.316926628351211548e-01,-3.660608199425041676e-04,-1.805318892002105713e-01,-1.711116135120391846e-01,-2.741106972098350525e-02,3.707296401262283325e-02,1.913265734910964966e-01,3.820842504501342773e-02,-7.091143727302551270e-02,-1.101366728544235229e-01,1.050056368112564087e-01,2.281160280108451843e-02,4.784261062741279602e-02,1.310131847858428955e-01,8.318542689085006714e-02,-9.607114642858505249e-02,1.054040268063545227e-01,-5.932462215423583984e-02,-1.393200308084487915e-01,-2.140004634857177734e-01,-1.963355690240859985e-01,-8.368106186389923096e-02,1.663948446512222290e-01,1.857587993144989014e-01,1.552524268627166748e-01,-4.664811119437217712e-02,-8.460698276758193970e-02,-3.655850514769554138e-02,-1.488431449979543686e-02,1.119485646486282349e-01,6.531832367181777954e-02,5.035930126905441284e-02,9.714028239250183105e-02,1.462328061461448669e-02,2.939195372164249420e-02,1.823564916849136353e-01,-8.842395246028900146e-02,1.435603797435760498e-01,-9.064327180385589600e-02,-1.906973719596862793e-01,-5.467700958251953125e-02,2.823747694492340088e-01,-9.889046847820281982e-02,3.786569461226463318e-02,9.078705683350563049e-03,8.624694496393203735e-02,5.647598579525947571e-02,2.383256256580352783e-01,-1.379488706588745117e-01,1.467475146055221558e-01,2.105642855167388916e-02,-6.828896701335906982e-02,-1.081201136112213135e-01,-1.331808716058731079e-01,3.148760646581649780e-02,-1.601150780916213989e-01,-2.555425763130187988e-01,-9.049745649099349976e-02,-2.917829714715480804e-02,8.392249047756195068e-02,-2.988236844539642334e-01,1.798365116119384766e-01,6.453982740640640259e-02,2.099283933639526367e-01,-2.443554699420928955e-01,1.464594453573226929e-01,-1.683728583157062531e-02,-7.819010317325592041e-02,-1.009315401315689087e-01,-1.538688316941261292e-02,1.433837860822677612e-01,1.149308234453201294e-01,-4.745505005121231079e-02,1.074099466204643250e-01,2.240691334009170532e-03,-7.672732323408126831e-02,-3.952439427375793457e-01,-2.305764332413673401e-02,-1.554307788610458374e-01,-3.740807622671127319e-02,1.393103748559951782e-01,4.882864654064178467e-02,7.048384845256805420e-02,-1.102219242602586746e-02,-1.580880880355834961e-01,-7.382221519947052002e-02,1.454591751098632812e-01,1.052633896470069885e-01,-1.714801788330078125e-01,1.357068680226802826e-02,1.362387388944625854e-01,2.488941848278045654e-01,-2.104145139455795288e-01,-2.558910660445690155e-02,-3.038612008094787598e-01,-2.299513965845108032e-01,9.062924981117248535e-02,-4.864461719989776611e-02,2.181486971676349640e-02,1.692953109741210938e-01,3.450504243373870850e-01,-9.580427408218383789e-02,1.079836711287498474e-01,6.378567218780517578e-02,-2.240918725728988647e-01,-9.997367113828659058e-02,9.683073312044143677e-02,5.521962046623229980e-02,-2.206522375345230103e-01,1.184495911002159119e-01,2.284623384475708008e-01,-1.055707931518554688e-01,-9.859610348939895630e-02,1.208921894431114197e-01,2.045327574014663696e-01,1.364670246839523315e-01,1.940842866897583008e-01,-2.701103389263153076e-01,-1.038363110274076462e-02,-9.653452783823013306e-02,-9.845028817653656006e-02,-1.670606061816215515e-02,2.343059480190277100e-01,9.469952434301376343e-02,-3.102591633796691895e-01,8.388078212738037109e-02,-1.075662672519683838e-01,-1.212193816900253296e-01,-1.119443215429782867e-03,2.071566581726074219e-01,-4.412065818905830383e-02,1.341752707958221436e-02,1.431762576103210449e-01,-4.028821885585784912e-01,-7.895325124263763428e-02,-2.934941276907920837e-02,-2.607558853924274445e-02,-8.666934072971343994e-02,1.156588084995746613e-02,6.134477630257606506e-02,-9.780617803335189819e-02,1.200642287731170654e-01,-3.102425038814544678e-01,-1.114850267767906189e-01,-6.320595741271972656e-02,-1.145153120160102844e-01,-3.671372309327125549e-02,1.692037433385848999e-01,-7.603792101144790649e-02,-3.318669199943542480e-01,1.875057641882449389e-04,1.467653810977935791e-01,-1.700147986412048340e-01,4.646999761462211609e-02,-1.057309806346893311e-01,2.894141897559165955e-02,1.481072604656219482e-01,-2.693239599466323853e-02,-1.237357854843139648e-01,-1.225059777498245239e-01,-1.231022328138351440e-01,1.704587042331695557e-01,3.064887821674346924e-01,5.012928694486618042e-02,7.218946516513824463e-02,-1.787548065185546875e-01,5.765161663293838501e-02,-1.106060147285461426e-01,-1.673482358455657959e-01,-6.914298236370086670e-02,1.863079816102981567e-01,1.486896276473999023e-01,8.596868813037872314e-02,-3.791501373052597046e-02,-2.916960045695304871e-02,1.476929336786270142e-01,-2.040593884885311127e-02,1.385096460580825806e-02,3.485785424709320068e-02,-1.924962848424911499e-01,1.354712992906570435e-02,-1.094413474202156067e-01,-7.639555633068084717e-02,-9.707839041948318481e-02,1.432350184768438339e-02,-1.368620246648788452e-02,5.497483164072036743e-02,4.197788983583450317e-02,6.149267032742500305e-02,1.691450178623199463e-01,-5.804105103015899658e-02,1.562033444643020630e-01,-1.720356009900569916e-02,-1.112018004059791565e-01,9.176343679428100586e-02,-1.059951856732368469e-01,1.081779152154922485e-01,-1.066391319036483765e-01,-4.427582770586013794e-02,-1.922269761562347412e-01,1.041432768106460571e-01,-1.971575319766998291e-01,-1.062897965312004089e-01,-1.333516091108322144e-01,1.466822177171707153e-01,-9.199894964694976807e-02,-1.647978723049163818e-01,-4.079557955265045166e-02,2.007188498973846436e-01,4.859099164605140686e-02,1.446053236722946167e-01,-9.662068635225296021e-02,9.162417054176330566e-02,1.398775130510330200e-01,-1.481479108333587646e-01,3.740864247083663940e-02,8.297173678874969482e-02,-1.058469936251640320e-01,-6.545042991638183594e-02,-1.316838711500167847e-01,-5.650468543171882629e-02,-7.413427531719207764e-02,2.041335254907608032e-01,1.228276863694190979e-01,-3.591349720954895020e-02
6.774540990591049194e-02,-1.071637421846389771e-01,3.897179663181304932e-02,1.005487516522407532e-01,-2.027615904808044434e-01,-2.910936176776885986e-01,-3.315646648406982422e-01,6.782992742955684662e-03,2.829688601195812225e-02,-2.458432167768478394e-01,1.776232719421386719e-01,1.116851866245269775e-01,-3.726729452610015869e-01,9.722830355167388916e-02,-2.599050477147102356e-02,-5.211392045021057129e-02,1.073378175497055054e-01,3.541658446192741394e-02,-1.077176257967948914e-02,1.299370229244232178e-01,-2.072382867336273193e-01,-8.861530572175979614e-02,-1.586924493312835693e-01,2.306397706270217896e-01,1.008299738168716431e-01,-2.033764719963073730e-01,9.216688573360443115e-02,3.468481823801994324e-02,-5.435260534286499023e-01,7.421031594276428223e-02,4.098126664757728577e-02,5.011476203799247742e-02,-1.501921415328979492e-01,-2.439213693141937256e-01,-1.222568973898887634e-01,1.229123212397098541e-02,-1.032928004860877991e-01,5.789705738425254822e-02,-2.837909460067749023e-01,1.548092365264892578e-01,-5.436465889215469360e-02,-6.460929661989212036e-02,4.823922738432884216e-02,9.546772390604019165e-02,-1.950068622827529907e-01,2.810658700764179230e-02,2.252260446548461914e-01,-3.061646409332752228e-02,-8.655038475990295410e-02,8.170019090175628662e-02,-1.411793082952499390e-01,-5.490713194012641907e-02,2.226846292614936829e-02,2.832488715648651123e-01,-5.972183123230934143e-02,3.350576162338256836e-01,-9.148768335580825806e-02,1.737263649702072144e-01,1.229158639907836914e-01,4.916591197252273560e-02,-3.653529658913612366e-02,-2.772297859191894531e-01,-2.640731334686279297e-01,1.841898113489151001e-01,3.592779114842414856e-02,8.776757866144180298e-03,2.060837894678115845e-01,-3.570511471480131149e-03,-7.680691033601760864e-02,-8.500609546899795532e-02,-1.087894290685653687e-01,-7.999788969755172729e-02,2.854939177632331848e-02,-1.662047207355499268e-01,9.784800559282302856e-02,-2.099270001053810120e-02,2.084989845752716064e-02,-1.652439534664154053e-01,-1.836642995476722717e-02,1.460392326116561890e-01,3.411412984132766724e-02,6.159193441271781921e-02,6.195521727204322815e-02,-2.515362203121185303e-02,8.149827830493450165e-03,3.459994867444038391e-02,-2.544979937374591827e-02,-2.601109258830547333e-02,-6.418522447347640991e-02,-3.737572953104972839e-02,1.442635208368301392e-01,-2.664201892912387848e-02,2.170216664671897888e-02,-1.039810106158256531e-01,-1.199495047330856323e-02,9.827268309891223907e-03,-1.195868402719497681e-01,-1.704752594232559204e-01,-1.155346482992172241e-01,-2.718124724924564362e-02,1.129472255706787109e-01,1.947739627212285995e-03,-1.354189366102218628e-01,7.824026793241500854e-02,-8.941163867712020874e-02,1.047409549355506897e-01,-7.572935521602630615e-02,-1.674515753984451294e-01,8.343502879142761230e-02,-7.762075960636138916e-02,7.971363374963402748e-04,2.084241211414337158e-01,-1.610990762710571289e-01,-1.063610166311264038e-01,-5.073926597833633423e-02,-9.626486152410507202e-02,-1.344194561243057251e-01,1.511456370353698730e-01,2.893609181046485901e-02,8.469973504543304443e-02,-1.307606846094131470e-01,6.878901273012161255e-02,-4.140629991888999939e-02,-1.289994418621063232e-01,-1.002370193600654602e-01,8.730098605155944824e-02,2.821368575096130371e-01,-7.695578038692474365e-02,3.363607823848724365e-02,-1.940298974514007568e-01,-5.136026814579963684e-02,1.389523502439260483e-02,-7.775236666202545166e-02,1.200005188584327698e-01,-9.540570527315139771e-02,-7.054099440574645996e-02,4.439646750688552856e-02,8.710417151451110840e-02,1.956263780593872070e-01,1.310925483703613281e-01,-4.116249829530715942e-02,-2.744795083999633789e-01,-1.153063774108886719e-01,1.160216107964515686e-01,1.123564690351486206e-01,-2.486207932233810425e-01,-3.667711839079856873e-02,8.417438715696334839e-02,1.026635169982910156e-01,-2.128930389881134033e-02,9.049486368894577026e-02,-2.379981726408004761e-01,4.233606532216072083e-02,-7.715414464473724365e-02,2.191836759448051453e-02,6.759969890117645264e-02,5.426191538572311401e-02,5.241150036454200745e-02,9.265591949224472046e-02,-4.498527571558952332e-02,-1.767824143171310425e-01,-9.347871690988540649e-02,2.897340618073940277e-02,-5.361033231019973755e-02,1.277397722005844116e-01,1.160581875592470169e-02,-2.790935896337032318e-02,-1.478241086006164551e-01,1.091739907860755920e-01,-5.767584592103958130e-02,5.957381054759025574e-02,-2.062322348356246948e-01,5.905646458268165588e-02,1.249983832240104675e-01,-6.785745918750762939e-02,-1.859073899686336517e-02,-1.274365931749343872e-01,1.465436518192291260e-01,-8.882413059473037720e-02,-2.225581407546997070e-01,-2.170051783323287964e-01,-1.492344141006469727e-01,1.444141566753387451e-01,-8.255176991224288940e-02,-6.857503950595855713e-02,-1.036884859204292297e-01,-9.737168997526168823e-02,-2.527970373630523682e-01,1.608296036720275879e-01,2.706257402896881104e-01,1.289992034435272217e-01,-8.797951787710189819e-02,-1.171273365616798401e-02,-1.757635921239852905e-01,-8.174730837345123291e-02,-1.880784630775451660e-01,-6.365059316158294678e-02,1.811992749571800232e-02,2.625831775367259979e-02,-3.592013940215110779e-02,-4.508490487933158875e-02,1.083585694432258606e-01,-1.027137860655784607e-01,5.388099700212478638e-02,-1.136479228734970093e-01,-4.012665152549743652e-02,-4.665022343397140503e-02,-4.007140547037124634e-02,7.364992797374725342e-02,-3.525828570127487183e-02,3.907224629074335098e-03,-1.659719645977020264e-01,2.571676112711429596e-02,7.430163770914077759e-02,1.464305520057678223e-01,5.078003183007240295e-02,1.537041813135147095e-01,-5.590458586812019348e-02,-5.592377856373786926e-02,1.128846481442451477e-01,-1.785412579774856567e-01,-5.829363688826560974e-02,-8.423946052789688110e-02,-2.776102125644683838e-01,-7.655252516269683838e-02,-7.868961989879608154e-02,-7.535614818334579468e-02,-3.843711689114570618e-02,-2.027752399444580078e-01,-4.618650302290916443e-02,3.211664780974388123e-02,-2.644833922386169434e-02,-1.643329411745071411e-01,-1.133186817169189453e-01,-9.121549129486083984e-02,-6.479664146900177002e-02,1.064516752958297729e-01,-1.705667376518249512e-01,-2.023163437843322754e-01,-1.220093667507171631e-01,-3.901183977723121643e-02,-5.719088390469551086e-02,1.328797340393066406e-01,-1.555596105754375458e-02,-3.021342456340789795e-01,-4.840148240327835083e-02,2.927169576287269592e-02,-1.014661937952041626e-01,-1.020164638757705688e-01,2.350345104932785034e-01,-1.349174045026302338e-02,-2.743193320930004120e-02,7.757976651191711426e-02,8.563236892223358154e-02,9.968726336956024170e-02,-2.395692914724349976e-01
2.514904830604791641e-03,-3.381897509098052979e-02,2.027444243431091309e-01,-2.341492474079132080e-02,2.834596298635005951e-02,2.033728063106536865e-01,-5.919181555509567261e-02,2.851015031337738037e-01,2.866249382495880127e-01,4.921006858348846436e-01,1.132264062762260437e-01,6.092950701713562012e-02,5.342413783073425293e-01,-4.194681942462921143e-01,-7.329577952623367310e-02,9.764687716960906982e-02,-5.094090849161148071e-02,8.906453847885131836e-02,6.030334532260894775e-02,-4.998889937996864319e-02,-1.383451968431472778e-01,8.902547508478164673e-02,-1.887248307466506958e-01,-1.297977473586797714e-02,-3.473431766033172607e-01,4.026596546173095703e-01,6.060191243886947632e-02,5.584122985601425171e-02,5.447824597358703613e-01,-2.725731730461120605e-01,-1.366620957851409912e-01,3.472546637058258057e-01,-1.270474120974540710e-02,1.770600862801074982e-02,-1.533437287434935570e-03,6.003798916935920715e-02,-1.614791923202574253e-03,-6.694144755601882935e-02,-8.993098884820938110e-02,-1.280995160341262817e-01,-3.165896832942962646e-01,7.918140036053955555e-04,-4.064541310071945190e-03,9.587674587965011597e-02,1.994868367910385132e-01,-2.588572800159454346e-01,-1.379276961088180542e-01,2.016120404005050659e-01,2.292538434267044067e-01,-3.190966323018074036e-02,5.615126341581344604e-02,1.512763202190399170e-01,-2.268915623426437378e-01,-4.643590450286865234e-01,4.646013490855693817e-03,-1.774228662252426147e-01,-1.814155876636505127e-01,-5.984431132674217224e-02,-1.520514041185379028e-01,1.029200926423072815e-01,7.846542634069919586e-03,2.988558635115623474e-02,-1.323392540216445923e-01,-1.881801784038543701e-01,1.351888924837112427e-01,1.984545141458511353e-01,1.416083425283432007e-01,7.908115535974502563e-02,1.804403513669967651e-01,5.741273611783981323e-02,-1.215534806251525879e-01,5.312467738986015320e-02,-8.011438697576522827e-02,1.781058758497238159e-01,-2.059391699731349945e-02,2.281531095504760742e-01,1.044848710298538208e-01,-1.284701228141784668e-01,2.235179841518402100e-01,1.254772245883941650e-01,3.549837470054626465e-01,7.295859046280384064e-03,3.557337215170264244e-03,1.597398668527603149e-01,-7.819318771362304688e-02,1.799229979515075684e-01,8.434900641441345215e-02,-8.319579809904098511e-02,-1.479058712720870972e-01,2.393590211868286133e-01,8.750379085540771484e-02,-6.899997591972351074e-02,2.040962278842926025e-01,1.017425209283828735e-01,1.557409018278121948e-01,9.174814075231552124e-02,1.245608031749725342e-01,-4.500965774059295654e-02,9.805423021316528320e-02,3.827289491891860962e-02,1.550604254007339478e-01,8.110325038433074951e-02,1.401024907827377319e-01,1.020331401377916336e-02,4.157115891575813293e-02,-1.240238323807716370e-01,1.450458467006683350e-01,9.602542966604232788e-02,1.672399044036865234e-02,-1.233004704117774963e-01,-2.095457613468170166e-01,2.820391952991485596e-02,2.534878253936767578e-01,8.877164870500564575e-02,2.651984989643096924e-01,1.097933650016784668e-01,3.665379881858825684e-01,1.974429003894329071e-02,1.921317726373672485e-01,-1.261129379272460938e-01,-1.020926330238580704e-02,1.101222485303878784e-01,9.519821405410766602e-02,6.071935594081878662e-02,-6.529094278812408447e-02,2.413663268089294434e-01,-1.331575661897659302e-01,-1.677576005458831787e-01,3.713516891002655029e-02,1.688803583383560181e-01,6.656444817781448364e-02,-9.982734918594360352e-02,-5.750296637415885925e-02,-6.761771440505981445e-02,2.540655136108398438e-01,-1.926253885030746460e-01,9.169402718544006348e-02,-1.031190752983093262e-01,-1.397123783826828003e-01,-1.497641801834106445e-01,1.795137673616409302e-02,3.077040016651153564e-01,1.173776481300592422e-02,-9.017653763294219971e-02,-1.796430498361587524e-01,3.264565765857696533e-01,-5.184418335556983948e-02,1.913316920399665833e-02,2.285628952085971832e-02,1.992330327630043030e-02,-1.563889160752296448e-02,1.586156338453292847e-02,8.341369032859802246e-02,2.357753217220306396e-01,-2.427850849926471710e-02,-9.191641211509704590e-02,2.622622847557067871e-01,1.350601911544799805e-01,3.267572075128555298e-02,1.205590087920427322e-02,3.606002032756805420e-02,2.526696212589740753e-02,-1.495510619133710861e-02,5.347343906760215759e-02,1.320811919867992401e-02,-5.954758450388908386e-02,6.702717393636703491e-02,1.001014262437820435e-01,2.156561464071273804e-01,-9.828649461269378662e-02,8.024905622005462646e-02,-1.753238216042518616e-02,2.391280606389045715e-02,-5.052821338176727295e-02,-3.856202960014343262e-02,-1.135177016258239746e-01,1.795074045658111572e-01,1.180766969919204712e-01,6.270197778940200806e-02,-1.421847939491271973e-01,2.252444922924041748e-01,2.786286547780036926e-02,3.372031450271606445e-01,-1.863734126091003418e-01,-2.885229326784610748e-02,-8.790434896945953369e-02,8.745011687278747559e-02,-2.188331782817840576e-01,-1.135045960545539856e-01,-2.127282880246639252e-02,3.383476287126541138e-02,5.713421385735273361e-03,8.009138703346252441e-02,1.809574663639068604e-01,1.607165485620498657e-01,1.103393658995628357e-01,-2.362196296453475952e-01,-2.688044607639312744e-01,-8.157692849636077881e-02,-2.325844019651412964e-02,-2.741795033216476440e-02,-3.500157296657562256e-01,6.692530214786529541e-02,-1.603848785161972046e-01,4.973975196480751038e-02,-1.381812989711761475e-02,7.426105439662933350e-02,-1.268309503793716431e-01,6.228664889931678772e-02,1.271984875202178955e-01,-1.966800987720489502e-01,-4.691861942410469055e-02,-1.739123910665512085e-01,-2.439014166593551636e-01,-1.173874363303184509e-01,-2.399874627590179443e-01,1.025745347142219543e-01,-4.748564586043357849e-02,-6.643994245678186417e-03,-2.479416280984878540e-01,-3.692565485835075378e-02,1.566810160875320435e-02,1.421621441841125488e-02,-7.542635500431060791e-02,-8.783578127622604370e-02,6.461299210786819458e-02,9.079958498477935791e-02,-1.501143872737884521e-01,-1.450456678867340088e-01,5.907264351844787598e-02,-1.608654856681823730e-02,3.543956205248832703e-02,8.761577308177947998e-02,3.920033201575279236e-02,2.003902494907379150e-01,-1.390891075134277344e-01,3.799372911453247070e-02,6.270581483840942383e-02,-3.428189456462860107e-02,2.318340726196765900e-02,1.895350031554698944e-02,1.153634786605834961e-01,-1.725165843963623047e-01,-6.644842773675918579e-02,-9.280563145875930786e-02,-1.043870225548744202e-01,-2.828406095504760742e-01,8.781997114419937134e-02,-7.063136249780654907e-02,-3.975345194339752197e-02,-6.594735663384199142e-03,-1.355764865875244141e-01,1.591978818178176880e-01,2.897665090858936310e-02,-2.883894555270671844e-02,4.280998930335044861e-02
-3.663760051131248474e-02,2.545838057994842529e-01,-2.895432114601135254e-01,7.904634624719619751e-02,-9.531711041927337646e-02,-1.371233165264129639e-01,-1.631032116711139679e-02,1.130444630980491638e-01,-1.136260479688644409e-02,-6.641559302806854248e-02,-2.818925082683563232e-01,-1.712640970945358276e-01,4.084442555904388428e-02,-6.262451410293579102e-02,2.538382112979888916e-01,-2.436132133007049561e-01,-2.133387923240661621e-01,1.043659597635269165e-01,-3.933306410908699036e-02,-2.763059735298156738e-01,-1.179004758596420288e-01,-8.724720776081085205e-02,-1.152798086404800415e-01,1.761310175061225891e-02,2.647734247148036957e-02,-3.138012886047363281e-01,-2.147518545389175415e-01,-1.378487348556518555e-01,2.053287029266357422e-01,-1.962294057011604309e-02,1.592178270220756531e-02,-2.250834852457046509e-01,2.448945194482803345e-01,5.115061998367309570e-02,1.253136545419692993e-01,2.342255227267742157e-02,-7.771079242229461670e-02,8.702596276998519897e-02,-1.589286327362060547e-01,5.953323561698198318e-03,-1.714061498641967773e-01,1.766465008258819580e-01,6.625718623399734497e-02,-2.325767278671264648e-01,-9.960106015205383301e-02,-6.065118312835693359e-02,-7.257217168807983398e-02,-1.319238692522048950e-01,3.012834489345550537e-01,1.334890872240066528e-01,-1.490761488676071167e-01,4.446733742952346802e-02,-1.178844794631004333e-01,-2.810452878475189209e-01,-1.363870203495025635e-01,-7.738164067268371582e-02,7.450470328330993652e-02,-2.350094728171825409e-02,-8.332169800996780396e-02,-2.625859379768371582e-01,1.338586211204528809e-01,1.973531953990459442e-02,-2.741176635026931763e-02,-1.906917393207550049e-01,-2.162559181451797485e-01,3.764190971851348877e-01,-2.053937017917633057e-01,2.118437178432941437e-02,-4.821185395121574402e-02,-1.679822355508804321e-01,-2.648326940834522247e-02,7.952474057674407959e-02,-7.350566238164901733e-02,-1.363917253911495209e-02,-3.604750335216522217e-01,-1.167957857251167297e-02,-1.481098532676696777e-01,-1.862455755472183228e-01,3.448745235800743103e-02,-8.593102544546127319e-02,2.105459272861480713e-01,3.157651051878929138e-02,2.210149541497230530e-03,8.145958185195922852e-02,-1.955519765615463257e-01,-2.548851668834686279e-01,-1.953777112066745758e-02,6.053972616791725159e-02,-1.011574734002351761e-02,-1.208534464240074158e-01,2.751330845057964325e-02,-1.476163119077682495e-01,1.132361143827438354e-01,-1.181252971291542053e-01,-1.039236187934875488e-01,-1.988456398248672485e-01,1.799681186676025391e-01,4.950756579637527466e-02,4.352470114827156067e-02,2.305324077606201172e-01,-8.463903516530990601e-02,-3.890791162848472595e-02,-1.617248058319091797e-01,-4.200763255357742310e-02,1.962957158684730530e-02,1.431067436933517456e-01,-3.896156325936317444e-02,-3.288075625896453857e-01,-2.289652228355407715e-01,9.316515922546386719e-02,2.868129126727581024e-02,-2.963234186172485352e-01,-5.422705039381980896e-02,1.749266833066940308e-01,1.822362393140792847e-01,-1.628799289464950562e-01,7.381914556026458740e-02,-7.387964427471160889e-02,-1.716945320367813110e-02,4.870808124542236328e-02,-3.193099051713943481e-02,-5.054940003901720047e-03,-1.428979188203811646e-01,-5.367362871766090393e-02,5.568047240376472473e-02,-1.303477138280868530e-01,5.689556710422039032e-03,-1.107136253267526627e-03,-6.955303996801376343e-02,6.862983852624893188e-02,1.063356176018714905e-01,-2.611834555864334106e-02,6.138956919312477112e-02,-1.714612245559692383e-01,-1.203932091593742371e-01,-5.611269176006317139e-02,-1.869229227304458618e-01,-4.746730998158454895e-02,-8.923508971929550171e-02,1.857913844287395477e-02,1.989539014175534248e-03,9.112033247947692871e-02,-1.674291491508483887e-01,-1.385004073381423950e-01,4.773261025547981262e-02,-8.910099416971206665e-02,2.427037656307220459e-01,-9.271731972694396973e-02,-9.595730900764465332e-02,-2.186659127473831177e-01,4.348627477884292603e-02,-1.979935169219970703e-01,1.755509525537490845e-01,8.714693039655685425e-02,-2.273634634912014008e-02,-3.623291105031967163e-02,-2.621183171868324280e-02,-5.118389427661895752e-02,8.918254822492599487e-02,-1.047095954418182373e-01,4.918063431978225708e-02,1.094045788049697876e-01,-7.349596172571182251e-02,-2.073067054152488708e-02,-2.023356556892395020e-01,-5.186929553747177124e-02,-7.882878184318542480e-02,-3.610460460186004639e-01,-8.823224343359470367e-04,7.378111034631729126e-02,1.064771786332130432e-01,6.075938045978546143e-02,-1.074272245168685913e-01,-1.270790696144104004e-01,8.338855579495429993e-03,-7.302942872047424316e-02,-1.126749515533447266e-01,-6.685930490493774414e-02,1.359263621270656586e-02,-2.601068317890167236e-01,-1.144707873463630676e-01,8.657474070787429810e-02,-5.316630750894546509e-02,-4.352682828903198242e-02,1.632438600063323975e-02,-2.779288291931152344e-01,-4.919685795903205872e-02,-2.487211860716342926e-02,-1.580088771879673004e-02,1.053141281008720398e-01,-2.808398604393005371e-01,1.328102648258209229e-01,4.789480939507484436e-02,1.246628239750862122e-01,5.602027103304862976e-02,7.390744052827358246e-03,-2.221152000129222870e-02,-1.987782120704650879e-01,-2.838316187262535095e-02,-2.635639607906341553e-01,-9.829425811767578125e-02,-9.279059618711471558e-02,6.937626749277114868e-02,-5.134725943207740784e-02,1.399536281824111938e-01,2.815270796418190002e-02,-4.742895066738128662e-02,-1.638069450855255127e-01,1.845243424177169800e-01,9.978644549846649170e-03,3.218398243188858032e-02,-1.000383943319320679e-01,-3.782792761921882629e-02,1.497391015291213989e-01,-7.773585617542266846e-02,-1.161646246910095215e-01,-2.418382167816162109e-01,2.962056919932365417e-02,4.932063445448875427e-02,-7.200627774000167847e-02,2.348003722727298737e-02,8.235000073909759521e-03,-1.799853146076202393e-01,-4.194835573434829712e-02,-5.498174205422401428e-02,1.649782210588455200e-01,-1.001637279987335205e-01,-2.042180448770523071e-01,-8.779000490903854370e-02,-1.854878664016723633e-01,4.449049755930900574e-02,-1.056315302848815918e-01,-7.768398523330688477e-02,-9.674479067325592041e-02,-7.360564917325973511e-02,1.512223184108734131e-01,-1.271416246891021729e-02,-3.001281619071960449e-01,3.002534434199333191e-02,-3.109337016940116882e-02,-4.324842244386672974e-02,-1.901288889348506927e-02,1.915588378906250000e-01,7.314566522836685181e-02,4.632411897182464600e-02,1.265416108071804047e-02,1.668185740709304810e-01,2.399096637964248657e-01,-1.550198346376419067e-01,-6.285945326089859009e-02,-1.795024424791336060e-01,6.723035871982574463e-02,-5.270734056830406189e-02,-1.133552100509405136e-02,-1.498329192399978638e-01,1.049062386155128479e-01
-6.938170641660690308e-02,9.276420623064041138e-02,-1.007589325308799744e-01,-3.080682642757892609e-02,2.657613754272460938e-01,8.384747803211212158e-02,1.254063695669174194e-01,-1.679456084966659546e-01,6.275568623095750809e-03,-4.492486715316772461e-01,5.799321457743644714e-02,-2.175327390432357788e-02,7.072208821773529053e-02,1.008232533931732178e-01,2.417992567643523216e-03,-1.968335956335067749e-01,-8.180129528045654297e-02,4.622833058238029480e-02,7.691489532589912415e-03,-2.086809575557708740e-01,1.206594556570053101e-01,6.754415482282638550e-02,6.279974430799484253e-02,2.922973595559597015e-02,7.820275425910949707e-02,-1.293102204799652100e-01,3.714211285114288330e-02,3.796688397414982319e-04,-1.431926488876342773e-01,-7.023207843303680420e-02,3.330210223793983459e-02,1.494047790765762329e-02,-1.474393904209136963e-01,-1.010692305862903595e-02,6.936384737491607666e-02,6.948754191398620605e-02,1.104599311947822571e-01,1.034170389175415039e-01,6.622646749019622803e-02,-2.457206137478351593e-02,2.472549211233854294e-03,-5.908416584134101868e-02,1.482342928647994995e-01,-3.213002532720565796e-02,7.793036103248596191e-02,-2.343006059527397156e-02,1.032335609197616577e-01,1.222737357020378113e-01,-1.779188811779022217e-01,-1.263203024864196777e-01,-3.046548366546630859e-02,-7.312503457069396973e-02,2.886301837861537933e-02,7.430718094110488892e-02,1.932439655065536499e-01,-1.036413833498954773e-01,-8.380870521068572998e-02,7.032721489667892456e-02,-9.783234447240829468e-02,1.282537579536437988e-01,5.575725063681602478e-02,-2.791310101747512817e-02,-4.365480691194534302e-02,-5.726613476872444153e-02,-1.190629228949546814e-01,4.529296420514583588e-03,-1.756551563739776611e-01,-5.043659806251525879e-01,2.729182830080389977e-03,2.472630701959133148e-02,1.550942510366439819e-01,-7.562933862209320068e-02,-1.141632795333862305e-01,-1.899355053901672363e-01,-7.768965326249599457e-03,-8.719131350517272949e-02,1.921906769275665283e-01,-1.198910921812057495e-02,-1.338725816458463669e-02,-1.339697539806365967e-01,1.947325319051742554e-01,-6.875163316726684570e-02,-1.947466284036636353e-01,-6.209871172904968262e-02,6.517357379198074341e-02,-7.279985118657350540e-03,-9.546411037445068359e-02,7.208557426929473877e-02,-1.201869454234838486e-02,-2.759390324354171753e-02,3.475594520568847656e-02,9.957972168922424316e-02,-1.612451970577239990e-01,-8.305599540472030640e-02,1.568102538585662842e-01,-7.501917891204357147e-03,-4.636607691645622253e-02,3.707098215818405151e-02,-8.234353363513946533e-02,2.720025181770324707e-01,3.035032153129577637e-01,2.241536527872085571e-01,-5.907382443547248840e-02,9.780133515596389771e-02,5.383787676692008972e-02,1.012572646141052246e-01,-1.019651591777801514e-01,-5.965054733678698540e-04,1.206464916467666626e-01,2.280885726213455200e-01,2.337945848703384399e-01,6.584848277270793915e-03,-1.327068358659744263e-01,-1.577964425086975098e-01,-3.075758367776870728e-02,6.927447766065597534e-02,1.995672583580017090e-01,-5.799398571252822876e-02,3.218470215797424316e-01,-1.019516885280609131e-01,2.384967356920242310e-02,-1.111106798052787781e-01,-2.800016701221466064e-01,-1.185732111334800720e-01,5.485094711184501648e-02,1.097564324736595154e-01,1.373254805803298950e-01,-1.160159241408109665e-02,-1.024953499436378479e-01,-2.749890983104705811e-01,-1.040690857917070389e-02,-4.293778538703918457e-01,8.522920310497283936e-02,6.108838692307472229e-02,1.060768440365791321e-01,-2.071632593870162964e-01,-3.846557140350341797e-01,1.245876923203468323e-01,-4.565192759037017822e-01,4.445293173193931580e-02,4.324164986610412598e-01,-2.975183129310607910e-01,-5.368149280548095703e-02,1.076578870415687561e-01,-1.055099815130233765e-01,-1.535128951072692871e-01,6.004491448402404785e-02,-1.125421822071075439e-01,1.421651989221572876e-01,-1.009355299174785614e-02,2.415964752435684204e-01,2.471122518181800842e-02,-2.716760635375976562e-01,-1.355961412191390991e-01,-3.528133034706115723e-01,-3.418134292587637901e-03,2.089454233646392822e-02,7.417903095483779907e-02,-1.596287935972213745e-01,-9.904029220342636108e-02,-1.433932483196258545e-01,7.262639701366424561e-02,-2.482144162058830261e-02,-1.264002174139022827e-01,2.212722450494766235e-01,1.049869731068611145e-01,7.245419174432754517e-02,-8.177624642848968506e-02,-2.167179286479949951e-01,-8.187731355428695679e-02,1.563834697008132935e-01,7.856214046478271484e-02,-8.187960088253021240e-02,4.317066818475723267e-02,5.674904957413673401e-02,2.480156421661376953e-01,-8.277764171361923218e-02,-5.209088698029518127e-02,4.180148616433143616e-02,-1.228029206395149231e-01,-1.477491557598114014e-01,-9.431733191013336182e-02,-1.687786728143692017e-01,5.804158002138137817e-02,3.690715134143829346e-02,1.957870461046695709e-02,-1.072549521923065186e-01,-1.662961989641189575e-01,5.393249914050102234e-02,1.367546338587999344e-02,-6.653577089309692383e-02,-1.463211178779602051e-01,-3.134018480777740479e-01,-1.952599287033081055e-01,-3.164114058017730713e-01,1.292149275541305542e-01,-1.646092683076858521e-01,-1.662730872631072998e-01,-1.102171838283538818e-01,3.596928715705871582e-01,-2.134930342435836792e-01,2.659109234809875488e-01,-7.380823791027069092e-02,2.667863070964813232e-01,-1.391462832689285278e-01,2.457836456596851349e-02,-5.639675073325634003e-03,1.015181317925453186e-01,-2.173605114221572876e-01,3.150121271610260010e-01,-1.600384116172790527e-01,2.165751457214355469e-01,-2.321158647537231445e-01,-1.114257872104644775e-01,-3.995081037282943726e-02,2.351376861333847046e-01,-1.731124073266983032e-01,4.507055133581161499e-02,-2.040781527757644653e-01,-4.863329604268074036e-02,-1.919680237770080566e-01,1.387892961502075195e-01,-1.541310176253318787e-02,8.917825669050216675e-02,4.586622118949890137e-03,8.715168386697769165e-02,-5.422415211796760559e-03,1.846117824316024780e-01,-1.990575492382049561e-01,6.142338737845420837e-02,-6.035050842911005020e-03,-4.858122393488883972e-02,7.161739468574523926e-02,1.423981487751007080e-01,1.463195085525512695e-01,-7.937785238027572632e-02,1.230931952595710754e-01,2.873353660106658936e-02,9.635639935731887817e-02,-8.369802683591842651e-02,-3.241111710667610168e-02,1.472627967596054077e-01,-1.140810102224349976e-01,2.194207906723022461e-01,-1.249772161245346069e-01,-2.401641570031642914e-02,-1.493607163429260254e-01,1.200292631983757019e-02,-2.285398170351982117e-02,5.208915844559669495e-02,1.427743583917617798e-01,-2.756217494606971741e-02,2.188550680875778198e-02,-7.241296768188476562e-02,-1.349978707730770111e-02,-2.284695357084274292e-01
-1.432140320539474487e-01,8.686067536473274231e-03,4.129374772310256958e-02,2.733447775244712830e-02,4.046759009361267090e-02,-6.402547657489776611e-02,4.217030480504035950e-02,-7.757312059402465820e-02,1.883865892887115479e-02,-8.834034204483032227e-03,-5.069882422685623169e-02,-4.315815120935440063e-02,-4.611342772841453552e-02,-8.486554026603698730e-02,-9.471341222524642944e-02,-1.230055391788482666e-01,4.463421553373336792e-02,3.694652020931243896e-02,-1.394468843936920166e-01,-6.471985578536987305e-02,-9.092038869857788086e-02,-5.296729505062103271e-03,2.377872541546821594e-02,-3.631292656064033508e-02,-2.826678799465298653e-03,-4.097169265151023865e-02,4.349788278341293335e-02,2.209684578701853752e-03,-1.427825391292572021e-01,-4.912040755152702332e-02,-1.255639642477035522e-01,6.112689897418022156e-02,-6.740013509988784790e-02,-2.961780875921249390e-02,-1.391949802637100220e-01,-7.811479270458221436e-02,-6.559855490922927856e-02,7.994940876960754395e-02,-1.286061853170394897e-01,-8.559155464172363281e-02,-9.115472435951232910e-02,-1.053210273385047913e-01,-4.309655632823705673e-03,7.447426766157150269e-02,-1.205276101827621460e-01,8.392124436795711517e-03,-4.857338592410087585e-02,4.354416579008102417e-02,5.641474947333335876e-02,3.353328444063663483e-03,-9.630108624696731567e-02,-1.300407946109771729e-01,8.065102994441986084e-02,-8.584878593683242798e-02,-5.749972164630889893e-02,3.985624387860298157e-02,-7.489848136901855469e-02,-1.042817682027816772e-01,-6.806909292936325073e-02,6.172885745763778687e-02,8.767016232013702393e-02,-6.457062810659408569e-02,1.080924272537231445e-01,-6.406950950622558594e-02,-7.040941622108221054e-03,-3.817337006330490112e-02,-1.489485502243041992e-01,-8.056862652301788330e-02,-6.353060901165008545e-02,1.186274737119674683e-01,-5.506217945367097855e-03,-8.132534474134445190e-02,-4.134965315461158752e-02,-7.712898310273885727e-03,1.480317953974008560e-02,2.903441898524761200e-02,6.628064811229705811e-02,-1.910584233701229095e-02,9.813646972179412842e-02,-1.419054269790649414e-01,-1.511314511299133301e-02,-5.389725416898727417e-02,-5.402075871825218201e-02,-3.248802199959754944e-02,1.193713620305061340e-01,-1.085427924990653992e-01,7.901436835527420044e-02,6.437568366527557373e-02,-6.253036856651306152e-02,-5.522814393043518066e-02,-1.080975607037544250e-01,-4.465286061167716980e-02,-9.518381208181381226e-02,-1.235564872622489929e-01,-1.109749674797058105e-01,2.064013108611106873e-02,7.465635240077972412e-02,-9.510804712772369385e-02,-4.541875794529914856e-03,-6.325811147689819336e-02,-1.005027964711189270e-01,-8.907509595155715942e-02,8.409476280212402344e-02,-4.854965955018997192e-02,8.727983385324478149e-02,-6.979448348283767700e-02,-1.409030407667160034e-01,1.224473398178815842e-02,-5.386888980865478516e-02,1.091113463044166565e-01,-1.072521284222602844e-01,6.157453358173370361e-02,1.045336108654737473e-02,-9.752792865037918091e-02,1.872667483985424042e-02,-9.186444431543350220e-02,-7.890665531158447266e-02,-1.034415438771247864e-01,-1.084848269820213318e-01,7.443523406982421875e-02,-3.907485678791999817e-02,5.193794891238212585e-02,-9.260401874780654907e-02,-5.669752508401870728e-02,-2.510363422334194183e-02,-1.719770208001136780e-02,-1.152248382568359375e-01,-1.855588704347610474e-02,-1.406585425138473511e-01,-7.108545303344726562e-02,1.153629086911678314e-02,8.207967877388000488e-02,9.391300380229949951e-02,-1.396675407886505127e-01,-9.421425312757492065e-02,5.479707196354866028e-02,3.744634985923767090e-02,-1.331678628921508789e-01,6.488365679979324341e-02,-4.438593052327632904e-03,2.249526977539062500e-02,4.008419811725616455e-02,-3.114948747679591179e-03,-3.749598050490021706e-03,4.347237199544906616e-02,-6.012306362390518188e-02,1.504990737885236740e-02,-5.326393060386180878e-03,-1.105387806892395020e-01,-1.393588818609714508e-02,-2.414452843368053436e-02,1.893601007759571075e-02,-1.195705458521842957e-01,-8.633829653263092041e-03,9.380100667476654053e-02,6.109966337680816650e-02,4.872310534119606018e-02,4.611990973353385925e-02,6.490718573331832886e-02,9.117917716503143311e-02,2.966259606182575226e-03,7.604952156543731689e-02,-2.650398574769496918e-02,-5.893539637327194214e-02,-6.184792518615722656e-02,-1.392329782247543335e-01,-1.290122866630554199e-01,-9.679821878671646118e-02,-6.528219580650329590e-02,-8.905120193958282471e-02,8.251322433352470398e-03,-5.631073191761970520e-02,8.034410327672958374e-02,-9.446237236261367798e-02,3.190502524375915527e-02,5.389955267310142517e-02,1.073502376675605774e-02,-1.046850457787513733e-01,5.952240526676177979e-02,7.352463901042938232e-02,5.322124343365430832e-03,-1.839175634086132050e-02,9.124558418989181519e-02,-1.132033541798591614e-01,-8.651090413331985474e-02,-2.532317116856575012e-02,-4.805435985326766968e-02,4.641184210777282715e-02,-1.000602692365646362e-01,2.269718050956726074e-02,4.295883700251579285e-02,-8.619749546051025391e-02,7.154767960309982300e-02,8.816409856081008911e-02,1.096536032855510712e-02,9.904860705137252808e-02,-9.888705611228942871e-02,7.669095695018768311e-02,1.412008143961429596e-02,-1.102119684219360352e-03,-8.660294115543365479e-02,-4.062940925359725952e-02,-5.003124102950096130e-02,-5.647559463977813721e-02,-9.917525202035903931e-02,-1.358660012483596802e-01,-1.195235457271337509e-02,-8.671702444553375244e-02,4.046263918280601501e-02,-9.660950303077697754e-02,3.264598920941352844e-02,-2.893355675041675568e-02,2.139016613364219666e-02,3.778849262744188309e-03,4.336985573172569275e-02,-6.876228749752044678e-02,9.158275276422500610e-02,-7.495701313018798828e-02,-1.206362992525100708e-01,-3.617288172245025635e-02,-4.040640965104103088e-02,-1.211400181055068970e-01,7.357948273420333862e-02,7.874441333115100861e-03,3.299977630376815796e-02,-6.530215498059988022e-03,-6.341292709112167358e-02,-2.994889020919799805e-02,8.138793706893920898e-02,-1.705673895776271820e-02,-2.214938960969448090e-02,-9.566098451614379883e-02,-1.272814907133579254e-02,1.018243506550788879e-01,-3.088501095771789551e-02,5.769142881035804749e-02,8.360555768013000488e-02,-1.268149763345718384e-01,-1.310430765151977539e-01,-1.011665388941764832e-01,8.406594395637512207e-02,4.743631556630134583e-02,1.412070449441671371e-02,-1.752832159399986267e-02,-4.717012401670217514e-03,-8.538103103637695312e-02,7.962180674076080322e-02,1.595425978302955627e-02,-1.170229464769363403e-01,-1.284938752651214600e-01,-1.159400120377540588e-01,-4.991714656352996826e-02,-1.639970578253269196e-03,-3.671780228614807129e-02,-5.770048499107360840e-02,5.584036931395530701e-02
-1.442479342222213745e-01,-2.211489826440811157e-01,-1.263052672147750854e-01,-2.370949834585189819e-01,1.343096643686294556e-01,9.043437987565994263e-02,1.726842522621154785e-01,1.563153564929962158e-01,5.131575837731361389e-02,-9.233675152063369751e-02,-1.755026280879974365e-01,2.438708245754241943e-01,-8.569993823766708374e-02,2.038798928260803223e-01,7.301130145788192749e-02,1.754250004887580872e-02,-1.862951666116714478e-01,-2.574096061289310455e-02,-1.921666227281093597e-02,-3.314100438728928566e-03,-1.350488364696502686e-01,1.679876148700714111e-01,1.502554863691329956e-01,-6.475979834794998169e-02,1.863510161638259888e-01,3.354570567607879639e-01,-6.577403843402862549e-02,4.109927453100681305e-03,6.001364067196846008e-02,-6.732658296823501587e-02,1.935258805751800537e-01,1.110700890421867371e-02,1.024113446474075317e-01,1.224720180034637451e-01,3.211005628108978271e-01,-1.612969934940338135e-01,3.611264377832412720e-02,-3.530373796820640564e-04,1.434988081455230713e-01,1.515156477689743042e-01,1.830620914697647095e-01,2.956712841987609863e-01,3.309628665447235107e-01,6.714291870594024658e-02,7.768595218658447266e-02,-1.575189530849456787e-01,1.494487822055816650e-01,-1.822854429483413696e-01,8.953752368688583374e-02,2.857936322689056396e-01,3.342032432556152344e-01,1.255699992179870605e-01,-6.493858993053436279e-02,-1.197102814912796021e-01,-3.232709169387817383e-01,6.098163127899169922e-02,-2.321616187691688538e-02,2.140947133302688599e-01,4.059433192014694214e-02,-4.541145265102386475e-02,1.714456379413604736e-01,-1.194662451744079590e-01,1.907947212457656860e-01,-1.832829564809799194e-01,-1.017816811800003052e-01,2.822026014328002930e-01,-3.352628648281097412e-01,-3.543237149715423584e-01,5.503249540925025940e-02,-1.294991374015808105e-01,8.313199877738952637e-02,-1.594751179218292236e-01,-8.315523713827133179e-02,6.688137352466583252e-02,-3.007588386535644531e-01,-1.595719605684280396e-01,1.467726826667785645e-01,2.240168005228042603e-01,1.886912882328033447e-01,-1.246955990791320801e-01,-2.266450822353363037e-01,-1.263080686330795288e-01,-4.020250216126441956e-02,-3.700211346149444580e-01,-1.804398559033870697e-02,-5.264991149306297302e-02,1.787501275539398193e-01,7.090199738740921021e-02,2.529302835464477539e-01,-8.946779370307922363e-02,-9.116686880588531494e-02,1.960985362529754639e-02,-1.766971945762634277e-01,2.684657089412212372e-02,5.908396840095520020e-02,3.285115957260131836e-02,9.918119758367538452e-02,-6.314061582088470459e-02,-8.155560493469238281e-02,-2.607109770178794861e-02,1.978009194135665894e-02,4.239607974886894226e-02,-3.532997146248817444e-02,1.274889260530471802e-01,1.050130277872085571e-02,7.612259592860937119e-03,-6.246128305792808533e-02,2.529847323894500732e-01,-3.000075221061706543e-01,3.284298479557037354e-01,9.432196617126464844e-02,-1.808878183364868164e-01,-1.983989204745739698e-04,6.306742876768112183e-02,-1.666308194398880005e-01,5.669525824487209320e-03,9.016844630241394043e-02,-2.032049559056758881e-02,-1.553663760423660278e-01,-6.053753569722175598e-02,6.909624487161636353e-02,-1.058320235460996628e-02,-1.684519499540328979e-01,2.336796224117279053e-01,-1.459414809942245483e-01,1.330727636814117432e-01,1.507371813058853149e-01,-1.654075831174850464e-01,-2.251759618520736694e-01,-1.523143202066421509e-01,-4.340315610170364380e-02,-3.459688723087310791e-01,-1.953225433826446533e-01,-8.413265645503997803e-02,1.496647000312805176e-01,-2.078933715820312500e-01,-3.179965317249298096e-01,6.419651955366134644e-02,-3.849150836467742920e-01,2.965306490659713745e-02,2.916830480098724365e-01,-1.872994899749755859e-01,3.978549502789974213e-03,-5.848650261759757996e-02,-4.414296522736549377e-02,-2.611563801765441895e-01,-3.546928986907005310e-02,-3.451780378818511963e-01,-3.937436267733573914e-03,1.334040313959121704e-01,-1.168742775917053223e-01,1.428604684770107269e-02,-2.075718790292739868e-01,-2.792992293834686279e-01,-5.807799100875854492e-02,9.959723800420761108e-03,7.632945477962493896e-02,2.190077155828475952e-01,-9.700511395931243896e-02,1.638969779014587402e-01,-2.548157237470149994e-02,1.277959346771240234e-01,-4.712404683232307434e-03,-8.154880255460739136e-02,1.467476487159729004e-01,-5.440223217010498047e-02,-2.491261810064315796e-03,-4.283853620290756226e-02,-2.849287725985050201e-02,-2.106547914445400238e-02,-1.224972084164619446e-01,1.506037265062332153e-01,-1.789631396532058716e-01,1.198159381747245789e-01,-7.583693135529756546e-03,1.800257265567779541e-01,-1.809211522340774536e-01,-1.124856546521186829e-01,3.343007341027259827e-02,-1.337764710187911987e-01,5.475909449160099030e-03,-8.852276019752025604e-03,-1.751734018325805664e-01,-6.281980127096176147e-02,-1.651225537061691284e-01,3.328169882297515869e-02,3.104775678366422653e-03,1.111791469156742096e-02,1.205538809299468994e-01,-8.292604982852935791e-02,6.441514939069747925e-02,4.081256687641143799e-02,-8.779925853013992310e-02,-2.787371575832366943e-01,-1.455098390579223633e-01,-7.054488360881805420e-02,-3.940659016370773315e-02,-8.592057973146438599e-03,1.802613399922847748e-02,1.542765498161315918e-01,-2.587662637233734131e-01,1.857675462961196899e-01,-1.672607511281967163e-01,6.519004702568054199e-02,8.129838109016418457e-02,-1.221191287040710449e-01,-2.267334759235382080e-01,-5.955273658037185669e-02,-2.473723888397216797e-01,-5.447016097605228424e-03,9.970342367887496948e-02,1.044780313968658447e-01,-1.294444054365158081e-01,9.401710703969001770e-03,8.087420463562011719e-02,-5.796078592538833618e-02,4.465095326304435730e-02,-1.019116714596748352e-01,1.374234259128570557e-01,1.029112190008163452e-01,-2.490364015102386475e-01,-7.768189907073974609e-02,-3.806735947728157043e-02,-8.681502193212509155e-02,1.328333467245101929e-02,1.864075809717178345e-01,-5.244303960353136063e-03,1.475085616111755371e-01,4.028867930173873901e-02,8.246835321187973022e-02,-1.593348532915115356e-01,5.246771499514579773e-02,-1.340602338314056396e-01,-1.395124047994613647e-01,1.778999865055084229e-01,-1.496045738458633423e-01,7.523186504840850830e-03,1.634885221719741821e-01,1.037364732474088669e-02,-5.123598966747522354e-03,-6.300998479127883911e-02,1.280618458986282349e-01,-7.417540997266769409e-02,9.908495098352432251e-02,-3.876192122697830200e-02,-1.178343072533607483e-01,-1.683975011110305786e-01,-1.429136544466018677e-01,1.166412308812141418e-01,-9.492005407810211182e-02,7.652180641889572144e-02,-2.375984489917755127e-01,-1.071750000119209290e-01,8.712886273860931396e-02,1.039505153894424438e-01,-1.587388515472412109e-01
-4.804259240627288818e-01,-2.725352160632610321e-02,-1.147912740707397461e-01,-2.998713850975036621e-01,-5.981278419494628906e-01,-5.027290582656860352e-01,-2.182104736566543579e-01,-3.053278028964996338e-01,-1.872234642505645752e-01,-1.351669710129499435e-02,-3.819179534912109375e-01,-2.326171696186065674e-01,1.775559186935424805e-01,-4.931484460830688477e-01,-2.482792921364307404e-02,-1.551786065101623535e-01,2.500217407941818237e-02,-2.163131907582283020e-02,3.057330548763275146e-01,-1.314418166875839233e-01,-2.149474918842315674e-01,-6.676538288593292236e-02,-3.126679658889770508e-01,-9.304269403219223022e-02,-1.939210481941699982e-02,-1.874340772628784180e-01,-8.938200026750564575e-02,-9.960631281137466431e-02,-2.461602725088596344e-02,-1.219098046422004700e-01,-8.285546302795410156e-02,-3.079387247562408447e-01,2.249586582183837891e-01,-1.384808495640754700e-02,-7.346131838858127594e-03,3.926961869001388550e-02,-3.428708612918853760e-01,-5.100889876484870911e-02,-5.304185152053833008e-01,-1.572374999523162842e-02,-5.557084828615188599e-02,5.755435675382614136e-02,1.798898875713348389e-01,-1.900787502527236938e-01,2.268447279930114746e-01,1.630639135837554932e-01,-1.357821971178054810e-01,-2.010688632726669312e-01,2.602397203445434570e-01,1.306311488151550293e-01,-1.087955385446548462e-02,2.477622926235198975e-01,-1.362031996250152588e-01,-1.280714385211467743e-02,-1.375121921300888062e-01,-1.720766425132751465e-01,-1.984626203775405884e-01,-4.715184867382049561e-02,1.971402764320373535e-01,-2.117921411991119385e-01,-6.285870075225830078e-02,1.296024024486541748e-01,1.279191076755523682e-01,-2.824081294238567352e-02,-2.350546866655349731e-01,-1.181029602885246277e-01,-7.762811146676540375e-03,-6.845520809292793274e-03,-1.259864121675491333e-01,-2.146955877542495728e-01,-6.600847840309143066e-02,-2.562871575355529785e-01,-1.902645081281661987e-02,8.429936319589614868e-02,2.525518462061882019e-02,1.008139327168464661e-01,-1.046111881732940674e-01,-5.039107799530029297e-02,-1.812327951192855835e-01,-1.411890685558319092e-01,1.004113629460334778e-01,-3.687298297882080078e-01,2.143277078866958618e-01,7.861233502626419067e-02,-6.500770151615142822e-02,-1.712513715028762817e-01,-1.634952574968338013e-01,-2.929413914680480957e-01,7.998733967542648315e-02,-4.648875072598457336e-02,-1.790366880595684052e-02,-1.437044590711593628e-01,-1.314164400100708008e-01,-3.151117265224456787e-02,-2.572655864059925079e-02,-2.952851355075836182e-01,2.933255136013031006e-01,2.791803702712059021e-02,2.578247785568237305e-01,1.802181005477905273e-01,-1.551007032394409180e-01,-1.171923503279685974e-01,-1.668048352003097534e-01,-3.859180808067321777e-01,8.056472055613994598e-03,2.047651410102844238e-01,1.303968280553817749e-01,-3.072623312473297119e-01,1.036263853311538696e-01,2.402784861624240875e-02,1.746710091829299927e-01,-1.589492112398147583e-01,1.845182627439498901e-01,6.395258009433746338e-02,3.283962607383728027e-01,2.900708466768264771e-03,2.658734284341335297e-02,-2.311338633298873901e-01,-1.759852617979049683e-01,-7.638300955295562744e-02,-3.249023854732513428e-01,1.544173210859298706e-01,-2.151085734367370605e-01,-2.343452721834182739e-01,-4.660251736640930176e-02,2.779046259820461273e-02,-9.945206344127655029e-02,7.526516169309616089e-02,-8.929573930799961090e-03,-1.431225985288619995e-01,3.992106392979621887e-02,3.904870897531509399e-02,-7.671394199132919312e-02,-1.517330855131149292e-01,-1.210093349218368530e-01,-1.207547932863235474e-01,8.144316822290420532e-02,-2.137785702943801880e-01,-7.670643180608749390e-02,4.905706644058227539e-02,-8.169054985046386719e-03,5.652906745672225952e-02,-1.305970698595046997e-01,-2.902943789958953857e-01,-8.767215907573699951e-02,4.096164107322692871e-01,1.547525078058242798e-02,1.027087867259979248e-01,-4.809793084859848022e-02,-1.882338374853134155e-01,4.993829503655433655e-02,-1.511769592761993408e-01,-1.112329773604869843e-02,1.289270520210266113e-01,2.482936345040798187e-02,-4.253582656383514404e-01,-8.397051692008972168e-02,7.893961668014526367e-02,2.045954763889312744e-01,-2.169836610555648804e-01,-3.312151879072189331e-02,1.431864947080612183e-01,-5.932807549834251404e-02,-1.366048902273178101e-01,-2.453566789627075195e-01,-1.366656720638275146e-01,-1.586750447750091553e-01,-7.686501741409301758e-01,3.546071425080299377e-02,9.071513265371322632e-02,-6.578657031059265137e-02,-2.048356235027313232e-01,7.009162008762359619e-02,-8.689814060926437378e-02,2.728839814662933350e-01,-1.793456375598907471e-01,1.677881777286529541e-01,1.239170208573341370e-01,7.225114107131958008e-02,-1.662361621856689453e-01,-1.363323926925659180e-01,-5.791219696402549744e-02,-4.073075950145721436e-02,-2.020587176084518433e-01,-1.544875651597976685e-02,-2.894184291362762451e-01,1.305213570594787598e-01,-2.080064117908477783e-01,5.972925573587417603e-02,-1.741058379411697388e-01,-2.341450750827789307e-01,-2.359616160392761230e-01,-2.754770033061504364e-02,7.760377973318099976e-02,-1.759835705161094666e-02,8.111944794654846191e-02,-1.872712373733520508e-01,-2.497397735714912415e-02,-7.233386486768722534e-02,-1.714705079793930054e-01,1.993375420570373535e-01,9.719694405794143677e-02,7.359883189201354980e-02,1.507726032286882401e-02,6.692255288362503052e-02,-2.239517122507095337e-02,1.706220768392086029e-02,-2.100278809666633606e-02,1.237985715270042419e-01,2.338844984769821167e-01,3.309061378240585327e-02,-5.032992362976074219e-02,-5.423888936638832092e-02,1.774681210517883301e-01,3.870826447382569313e-03,-6.771043688058853149e-02,-1.425126045942306519e-01,-5.253956094384193420e-02,1.079643517732620239e-01,-2.425524145364761353e-01,1.721677780151367188e-01,-4.275967553257942200e-02,1.468869149684906006e-01,1.814623326063156128e-01,8.927803486585617065e-02,-6.553916726261377335e-03,2.437037676572799683e-01,-9.354154765605926514e-02,-1.727294474840164185e-01,5.260708276182413101e-03,5.532781593501567841e-03,-7.353190332651138306e-02,-3.469638824462890625e-01,5.854606628417968750e-02,5.368187092244625092e-03,8.192284405231475830e-02,3.728116303682327271e-02,-2.078778743743896484e-01,-1.212157830595970154e-01,-2.092217952013015747e-01,-4.267958551645278931e-02,-2.122453153133392334e-01,-2.716921456158161163e-02,-3.434997797012329102e-02,-2.812620997428894043e-02,-6.501354277133941650e-02,-2.804427742958068848e-01,9.377192705869674683e-02,-1.245347112417221069e-01,-2.228665500879287720e-01,-1.233828887343406677e-01,-7.261646538972854614e-02,-1.849678531289100647e-02,-1.299371719360351562e-01,-8.063383400440216064e-02,2.865715138614177704e-02
1.968742460012435913e-01,-1.331170648336410522e-01,1.791176050901412964e-01,1.173120662569999695e-01,1.748077943921089172e-02,1.739848703145980835e-01,-1.163255125284194946e-01,5.984335020184516907e-02,-6.670021265745162964e-02,3.257617652416229248e-01,-2.843268215656280518e-02,5.830593034625053406e-02,-1.353082358837127686e-01,4.574491456151008606e-02,1.065097935497760773e-02,5.525960121303796768e-03,2.181902900338172913e-02,-1.599422246217727661e-01,1.069455444812774658e-01,1.028394252061843872e-01,4.381743445992469788e-02,-6.808172911405563354e-02,-3.899306058883666992e-02,-4.841122776269912720e-02,3.027521669864654541e-01,-4.274393618106842041e-02,1.094996090978384018e-02,-1.650468213483691216e-03,-1.081203073263168335e-01,7.777798920869827271e-02,1.238811686635017395e-01,4.776340723037719727e-02,9.603579342365264893e-02,-3.652330487966537476e-02,2.469135671854019165e-01,-5.091363098472356796e-03,-7.659167982637882233e-03,4.508121404796838760e-03,2.199005149304866791e-02,5.217054113745689392e-02,-1.087681502103805542e-01,2.074137181043624878e-01,1.720845252275466919e-01,1.261644065380096436e-01,1.274200901389122009e-02,1.065356880426406860e-01,9.049906581640243530e-02,-6.415006518363952637e-02,4.084739685058593750e-01,-1.421588193625211716e-02,1.611672192811965942e-01,1.461635231971740723e-01,8.140540681779384613e-03,2.271477319300174713e-02,-3.006247878074645996e-01,-1.828280389308929443e-01,-8.179690688848495483e-02,8.194006979465484619e-02,2.333690524101257324e-01,-1.509495526552200317e-01,-5.788796022534370422e-02,3.729739226400852203e-03,9.420438110828399658e-02,1.280642896890640259e-01,3.870449215173721313e-02,1.683195680379867554e-01,-5.193582270294427872e-03,-6.383493542671203613e-02,1.816107481718063354e-01,1.870284080505371094e-01,7.705292850732803345e-02,5.011419951915740967e-02,1.383090764284133911e-01,1.134589165449142456e-01,8.682060241699218750e-02,2.904226444661617279e-02,-2.288401126861572266e-01,-2.670146524906158447e-01,2.167037874460220337e-01,5.024453625082969666e-02,3.328631818294525146e-02,-2.155465260148048401e-02,-5.743120238184928894e-02,1.581115722656250000e-01,1.774532645940780640e-01,-2.624156326055526733e-02,-2.173977904021739960e-02,4.844659566879272461e-02,-2.406319677829742432e-01,6.261157244443893433e-02,2.719296328723430634e-02,-4.980180040001869202e-02,2.033214084804058075e-02,1.688673719763755798e-02,-1.599141359329223633e-01,-2.012717276811599731e-01,1.938216537237167358e-01,3.546706959605216980e-02,2.105028554797172546e-02,-1.212317720055580139e-01,-1.884291619062423706e-01,-5.812487006187438965e-02,7.599432766437530518e-02,-4.380414783954620361e-01,1.225964725017547607e-01,7.298015058040618896e-02,1.596188545227050781e-01,1.305913832038640976e-02,-1.409043744206428528e-02,-1.404399126768112183e-01,2.336916029453277588e-01,-5.523668602108955383e-02,4.839124530553817749e-02,9.056133776903152466e-02,-9.716129302978515625e-02,-4.315654933452606201e-02,-8.665823191404342651e-02,-4.652648046612739563e-02,-5.355392396450042725e-02,-2.884469032287597656e-01,-1.305188834667205811e-01,4.390418156981468201e-02,-1.483046822249889374e-02,5.531262233853340149e-02,1.900485605001449585e-01,-8.001545816659927368e-02,2.370427176356315613e-02,-2.095610648393630981e-01,-5.661654844880104065e-02,1.094198599457740784e-01,-1.173260584473609924e-01,-1.395064145326614380e-01,3.430029004812240601e-02,-4.789644107222557068e-02,1.837371438741683960e-01,-1.139441579580307007e-01,1.059089824557304382e-01,-2.622015401721000671e-02,6.150134839117527008e-03,3.770539164543151855e-02,4.099202807992696762e-03,-7.059743255376815796e-02,-2.566986717283725739e-02,-2.473281137645244598e-02,-3.233135491609573364e-02,1.573341712355613708e-02,1.453824192285537720e-01,-1.533181965351104736e-01,-3.460520133376121521e-02,9.030402638018131256e-03,1.734704822301864624e-01,-4.622037336230278015e-02,-2.039258480072021484e-01,-1.343715637922286987e-01,-3.283340111374855042e-02,1.685137450695037842e-01,1.061845645308494568e-01,-7.326500117778778076e-02,-1.831744611263275146e-02,2.409571222960948944e-02,9.434487670660018921e-02,-1.692672669887542725e-01,-2.179692685604095459e-01,-1.828692853450775146e-01,2.407454848289489746e-01,-5.794585496187210083e-02,-6.013844907283782959e-02,-1.973962411284446716e-02,-3.062143921852111816e-01,-7.629547268152236938e-02,1.040058434009552002e-01,1.298076510429382324e-01,-3.498321771621704102e-02,-1.465452313423156738e-01,-1.606138497591018677e-01,-1.153789646923542023e-02,-2.973336577415466309e-01,-1.430214345455169678e-01,1.632864773273468018e-01,-3.007148206233978271e-01,1.992804110050201416e-01,1.489132046699523926e-01,-1.689655780792236328e-01,-9.874304383993148804e-02,-2.342539578676223755e-01,-4.338360577821731567e-02,-9.159830957651138306e-02,1.629009284079074860e-02,1.697382330894470215e-01,-4.070302937179803848e-03,-1.897735297679901123e-01,-1.993119865655899048e-01,-3.693850040435791016e-01,-9.348373860120773315e-02,-1.892102807760238647e-01,3.164449939504265785e-03,-3.576409816741943359e-02,6.344334036111831665e-02,1.350879669189453125e-01,9.332747012376785278e-02,1.340470910072326660e-01,-7.833438366651535034e-02,7.012934237718582153e-02,-1.614435762166976929e-01,-9.213870763778686523e-02,-9.187916666269302368e-02,-4.401654005050659180e-03,-1.054913476109504700e-01,-6.407365947961807251e-02,-3.014778904616832733e-02,1.573974788188934326e-01,-1.102336794137954712e-01,-8.261762559413909912e-02,8.653471618890762329e-02,-1.908649951219558716e-01,-1.305859163403511047e-02,-1.389138251543045044e-01,-1.329190284013748169e-01,5.961714684963226318e-02,-1.674190908670425415e-01,1.212353333830833435e-01,-1.044841855764389038e-01,-1.520845144987106323e-01,-7.117255777120590210e-02,1.436417847871780396e-01,-1.301307976245880127e-01,-6.298574805259704590e-02,-2.690150141716003418e-01,-4.798411391675472260e-04,1.579479128122329712e-01,-1.792200803756713867e-01,-1.173659507185220718e-02,-1.448192298412322998e-01,-2.021687328815460205e-01,2.587368153035640717e-02,2.010856419801712036e-01,1.097087040543556213e-01,5.726684257388114929e-02,-8.477086573839187622e-02,-1.439700424671173096e-01,-5.250368267297744751e-02,-2.677850127220153809e-01,-3.482180237770080566e-01,1.011557411402463913e-02,2.873991243541240692e-02,-7.381776720285415649e-02,-7.603573054075241089e-02,1.234502643346786499e-01,-3.122740238904953003e-02,1.726851016283035278e-01,-2.645413763821125031e-02,-5.620937049388885498e-02,-8.447678387165069580e-02,3.074580803513526917e-02,-4.466113820672035217e-02,-1.476013213396072388e-01
-9.397216886281967163e-02,-2.645095884799957275e-01,1.033414751291275024e-01,-2.117542624473571777e-01,-2.544569671154022217e-01,-2.336215972900390625e-01,-1.461385339498519897e-01,-1.253490447998046875e-01,5.322010815143585205e-02,-2.973609864711761475e-01,-2.850134670734405518e-02,-8.913884870707988739e-03,-5.440204963088035583e-02,-2.286367714405059814e-01,-3.358153104782104492e-01,-1.428127735853195190e-01,8.059802651405334473e-02,-1.357219070196151733e-01,2.526798546314239502e-01,1.414763927459716797e-02,-7.566328346729278564e-02,8.571216464042663574e-02,-5.028128251433372498e-02,-4.975839704275131226e-02,1.818295195698738098e-02,-1.526884287595748901e-01,1.977336257696151733e-01,-5.979291349649429321e-02,-1.213546246290206909e-01,1.434524953365325928e-01,-1.662583500146865845e-01,-1.434541046619415283e-01,1.565974354743957520e-01,-8.553004264831542969e-02,1.992146074771881104e-01,5.465977266430854797e-02,5.394339561462402344e-02,6.786328554153442383e-02,-1.271926015615463257e-01,-4.647722840309143066e-02,2.317858114838600159e-02,1.727263778448104858e-01,-3.819479793310165405e-02,-2.333151549100875854e-01,1.137171611189842224e-01,1.955245286226272583e-01,9.105319529771804810e-02,8.742392063140869141e-02,8.696404844522476196e-02,7.529164198786020279e-03,-5.455072969198226929e-03,1.032426580786705017e-02,-5.511817522346973419e-03,-2.157962322235107422e-02,-1.714708805084228516e-01,1.044606864452362061e-01,2.628993429243564606e-02,-1.920371502637863159e-02,1.731959581375122070e-01,1.246444061398506165e-01,1.538934931159019470e-02,6.283228099346160889e-02,-6.182095035910606384e-02,5.018041655421257019e-02,3.143787756562232971e-02,-2.813282907009124756e-01,1.759909689426422119e-01,-8.022436499595642090e-02,-8.210984617471694946e-02,-7.557008415460586548e-02,6.871248036623001099e-02,-1.275098174810409546e-01,-1.418694555759429932e-01,6.561470031738281250e-02,-1.325211860239505768e-02,-7.999238371849060059e-02,8.626479655504226685e-02,2.155381143093109131e-01,-6.577071547508239746e-02,-9.198018163442611694e-02,1.526931375265121460e-01,4.155736789107322693e-02,2.161846160888671875e-01,1.294424384832382202e-02,-3.144033551216125488e-01,-7.535362988710403442e-02,-2.608870565891265869e-01,4.129354842007160187e-03,2.393177896738052368e-01,-2.427302673459053040e-02,1.240398883819580078e-01,-1.109427139163017273e-01,-1.582386344671249390e-01,2.391172349452972412e-01,-1.433228049427270889e-02,-3.692389130592346191e-01,1.313372701406478882e-01,-9.650962054729461670e-02,5.647325143218040466e-02,-1.369452383369207382e-02,-4.470822215080261230e-01,-1.573718339204788208e-01,-1.956005543470382690e-01,-3.998122811317443848e-01,2.105463147163391113e-01,-3.511335700750350952e-02,8.417642116546630859e-02,-3.475012183189392090e-01,1.218533702194690704e-02,-4.825647547841072083e-02,-6.386848539113998413e-02,-9.807553887367248535e-02,2.352036163210868835e-02,1.482055634260177612e-01,2.782894857227802277e-02,-5.279933661222457886e-02,4.424679791554808617e-04,9.694306552410125732e-02,-1.879427433013916016e-01,-1.231434121727943420e-01,-2.784346342086791992e-01,1.963339187204837799e-02,-5.259107425808906555e-02,-2.141865193843841553e-01,7.251634448766708374e-02,-4.457153752446174622e-02,6.060156505554914474e-03,-5.476871132850646973e-02,-1.477569341659545898e-01,-1.331015527248382568e-01,-2.066901512444019318e-02,2.334733493626117706e-02,-1.431666314601898193e-01,-1.231700703501701355e-01,-1.849403046071529388e-02,-1.537296175956726074e-01,-9.067937731742858887e-02,1.584862172603607178e-01,-5.301680788397789001e-02,4.253039136528968811e-02,-2.225139364600181580e-02,4.099788889288902283e-02,-3.494452312588691711e-02,-2.749872505664825439e-01,1.909557878971099854e-01,2.491611987352371216e-01,-4.848712310194969177e-02,1.947426795959472656e-01,-1.163723990321159363e-01,3.356779366731643677e-02,6.491570919752120972e-02,-3.136324882507324219e-01,-2.319047152996063232e-01,-7.694770395755767822e-02,1.434122323989868164e-01,-1.993798762559890747e-01,-2.021739184856414795e-01,-1.069008186459541321e-01,2.671638727188110352e-01,-1.702169626951217651e-01,1.113271191716194153e-01,1.963393837213516235e-01,-2.254733443260192871e-01,6.038635224103927612e-02,-1.062759682536125183e-01,-1.854519397020339966e-01,-2.572102546691894531e-01,-1.673064678907394409e-01,-1.559375226497650146e-01,1.172957494854927063e-01,7.691005617380142212e-02,-1.802377551794052124e-01,-9.118936210870742798e-02,-4.478286579251289368e-02,-8.844963461160659790e-02,-9.331202507019042969e-02,8.655538409948348999e-02,9.143039584159851074e-03,2.999903634190559387e-02,-1.635244041681289673e-01,-7.161515951156616211e-02,-3.927055746316909790e-03,-1.302716434001922607e-01,-2.136551588773727417e-01,-8.524967357516288757e-03,-2.185939997434616089e-01,-1.703301519155502319e-01,-1.888782083988189697e-01,1.826650202274322510e-01,-9.975643455982208252e-02,-6.297940388321876526e-03,-1.200965195894241333e-01,-9.091677516698837280e-02,8.536925166845321655e-02,5.334832519292831421e-02,1.463833823800086975e-02,-1.205776259303092957e-01,-1.646384894847869873e-01,3.456945763900876045e-03,-4.093830659985542297e-02,-2.860895171761512756e-02,6.516906619071960449e-02,-2.872992306947708130e-02,5.723251774907112122e-02,-1.264021247625350952e-01,-1.085406541824340820e-01,-1.198375672101974487e-01,1.694662570953369141e-01,3.032916784286499023e-02,-1.700248122215270996e-01,8.929137140512466431e-02,4.720355942845344543e-02,-1.255279481410980225e-01,-8.246599137783050537e-02,-1.221219822764396667e-01,-9.525623917579650879e-02,8.476040512323379517e-02,5.647006630897521973e-02,5.576871335506439209e-02,2.140158712863922119e-01,-7.007016986608505249e-02,-9.705413132905960083e-02,2.017884701490402222e-02,6.533376872539520264e-02,-9.754085540771484375e-02,-1.508121844381093979e-02,-1.199576705694198608e-01,1.326721608638763428e-01,-4.485663026571273804e-02,-4.625292494893074036e-02,-1.199019551277160645e-01,-1.395090073347091675e-01,-1.768814772367477417e-01,5.330966413021087646e-02,1.005256548523902893e-01,6.573867052793502808e-02,1.356865316629409790e-01,-9.216184914112091064e-02,9.818178415298461914e-02,-3.239013552665710449e-01,1.823581308126449585e-01,-6.428283452987670898e-02,-1.221994869410991669e-02,-2.170596271753311157e-01,-2.459629029035568237e-01,-7.742620259523391724e-02,-3.183682560920715332e-01,-1.790940463542938232e-01,-1.261027008295059204e-01,-5.324742291122674942e-03,-6.649126112461090088e-02,-2.488197386264801025e-01,5.312957242131233215e-02,-2.288998514413833618e-01,-2.285156697034835815e-01,-1.197946220636367798e-01
1.683191061019897461e-01,2.685232162475585938e-01,7.120562717318534851e-03,1.822973135858774185e-03,1.155905649065971375e-01,-6.641722470521926880e-02,1.649877429008483887e-01,8.243831992149353027e-02,3.996013104915618896e-02,-2.605071365833282471e-01,-1.354481726884841919e-01,1.397718787193298340e-01,-2.082119137048721313e-01,2.745732367038726807e-01,1.805415451526641846e-01,-9.437211602926254272e-02,-4.815635457634925842e-02,4.378307983279228210e-02,-2.227333001792430878e-02,-1.669801399111747742e-02,4.873860999941825867e-02,1.772618293762207031e-01,8.915511518716812134e-02,1.828158050775527954e-01,5.335630476474761963e-02,3.691066056489944458e-02,-1.593144237995147705e-02,-2.135805785655975342e-02,-1.347096562385559082e-01,1.277865171432495117e-01,1.074924618005752563e-01,1.994634047150611877e-03,2.604926703497767448e-03,-2.507587075233459473e-01,-8.657579123973846436e-02,-2.485378459095954895e-02,1.425414811819791794e-02,5.170327425003051758e-02,-6.703369319438934326e-02,1.051278710365295410e-01,2.317310124635696411e-01,-9.841354936361312866e-02,-8.912602066993713379e-02,-3.640376403927803040e-02,1.817339658737182617e-01,2.508059144020080566e-01,2.159933373332023621e-02,-1.622499525547027588e-01,-2.126458585262298584e-01,-1.479917168617248535e-01,-1.074240133166313171e-01,-8.646841347217559814e-02,-1.353380978107452393e-01,1.309486180543899536e-01,9.454242885112762451e-02,7.192000001668930054e-02,8.803138881921768188e-02,9.003573656082153320e-02,1.347714960575103760e-01,-6.093893945217132568e-02,1.708240061998367310e-02,-2.267197817564010620e-01,-2.339250147342681885e-01,1.334213316440582275e-01,-5.963673815131187439e-02,8.812727779150009155e-02,-3.117687301710247993e-04,-1.432074755430221558e-01,1.643414497375488281e-01,-1.486815512180328369e-01,-5.076250433921813965e-02,3.231303067877888680e-03,6.417459808290004730e-03,-2.225445657968521118e-01,-1.600146293640136719e-01,1.316195130348205566e-01,-1.125261709094047546e-01,-8.282174915075302124e-02,-7.725159078836441040e-02,-7.656339555978775024e-02,6.408464908599853516e-02,5.204286053776741028e-02,3.467703983187675476e-02,-1.160959899425506592e-01,2.062599211931228638e-01,9.178707376122474670e-03,-1.327396370470523834e-02,6.554539501667022705e-02,-2.481814622879028320e-01,-7.078877091407775879e-02,-5.077063571661710739e-03,3.014190495014190674e-02,1.107030693674460053e-04,4.142188653349876404e-02,7.435485720634460449e-02,-2.530576884746551514e-01,3.939252719283103943e-02,1.977606713771820068e-01,-7.600922137498855591e-02,-1.481846324168145657e-03,-4.030707757920026779e-03,1.867149770259857178e-02,6.793084740638732910e-02,9.395167231559753418e-02,9.391596168279647827e-02,6.000923737883567810e-02,9.470627456903457642e-02,-5.510909110307693481e-02,2.600098252296447754e-01,-2.064146250486373901e-01,-1.298199295997619629e-01,5.810432136058807373e-02,6.481799483299255371e-02,-1.062424108386039734e-01,2.717731893062591553e-02,-3.671973571181297302e-02,-1.736869364976882935e-01,-1.187679637223482132e-02,-1.088127940893173218e-01,-1.703149676322937012e-01,4.118551500141620636e-03,1.049195155501365662e-01,1.269058138132095337e-01,1.788945496082305908e-02,1.068822443485260010e-01,-7.701029628515243530e-02,-2.548883557319641113e-01,8.754670619964599609e-03,8.781063556671142578e-02,-5.684563517570495605e-02,-8.199590258300304413e-03,2.601234316825866699e-01,2.256278693675994873e-02,-3.804024681448936462e-02,-1.954810023307800293e-01,-7.713136263191699982e-03,1.494706720113754272e-01,-3.413050174713134766e-01,1.986529231071472168e-01,-1.723811179399490356e-01,-1.921381205320358276e-01,1.305657029151916504e-01,-1.184750348329544067e-01,-8.551040291786193848e-02,-9.664228558540344238e-02,-3.134661912918090820e-02,1.100897789001464844e-01,2.259721904993057251e-01,6.620262283831834793e-03,-2.721301913261413574e-01,9.957075119018554688e-03,1.458748430013656616e-01,5.853956192731857300e-02,9.544529020786285400e-02,3.721944754943251610e-03,-1.001913478830829263e-04,-1.823090612888336182e-01,-6.017444655299186707e-02,-7.417798042297363281e-02,-1.964534260332584381e-02,1.218727603554725647e-01,1.575241684913635254e-01,2.016487866640090942e-01,1.477396041154861450e-01,-7.958655804395675659e-02,-1.928248256444931030e-02,-4.573294427245855331e-05,-1.006246954202651978e-01,-7.973013818264007568e-02,6.627444177865982056e-02,3.095665946602821350e-02,-5.586035177111625671e-02,-1.827869564294815063e-01,-1.615464836359024048e-01,-5.043040215969085693e-02,-9.024335443973541260e-02,1.534355729818344116e-01,1.288705915212631226e-01,-6.046185642480850220e-02,-2.073007635772228241e-02,-6.386408954858779907e-02,3.658688068389892578e-02,1.823986917734146118e-01,-3.933408483862876892e-02,-7.735525071620941162e-02,-1.229420006275177002e-01,-1.091159060597419739e-01,1.322987228631973267e-01,-1.371788084506988525e-01,1.494569480419158936e-01,1.038705334067344666e-01,-2.923722006380558014e-02,2.294225990772247314e-01,-1.144278645515441895e-01,1.009166017174720764e-01,2.018977403640747070e-01,8.345549926161766052e-03,7.625984400510787964e-02,-3.393577411770820618e-02,-1.345403641462326050e-01,1.694626733660697937e-02,1.533846091479063034e-02,1.046222969889640808e-01,-1.653517186641693115e-01,-8.776573836803436279e-02,1.863429695367813110e-02,-4.284202679991722107e-02,4.903247952461242676e-02,1.277224123477935791e-01,-6.316923070698976517e-03,-1.034778654575347900e-01,-3.834511386230587959e-03,-9.074414148926734924e-03,-1.072266623377799988e-01,7.845617830753326416e-02,4.447938129305839539e-02,-9.309221059083938599e-02,5.891057848930358887e-02,-1.442787498235702515e-01,8.199650794267654419e-02,-1.538733690977096558e-01,1.641376912593841553e-01,1.923683732748031616e-01,-8.657591044902801514e-02,1.261972635984420776e-01,1.196206137537956238e-01,-2.771466970443725586e-01,-5.069032311439514160e-02,3.189108520746231079e-02,1.309768762439489365e-02,2.349351048469543457e-01,-2.113303989171981812e-01,-3.097852505743503571e-02,-1.054547578096389771e-01,4.289100412279367447e-03,1.042361333966255188e-01,-5.424675345420837402e-02,-3.847857564687728882e-02,2.809755876660346985e-02,1.902736723423004150e-01,-1.005317196249961853e-01,-5.028760805726051331e-02,-2.446904927492141724e-01,-2.909989058971405029e-01,1.308297365903854370e-01,8.300687372684478760e-02,2.964268922805786133e-01,2.078654319047927856e-01,-2.048969455063343048e-02,-2.057048976421356201e-01,-3.869684338569641113e-01,3.307346105575561523e-01,9.917066432535648346e-03,-1.551444530487060547e-01,-1.320468485355377197e-01,9.228073060512542725e-02
-3.545126318931579590e-02,2.177348732948303223e-02,-4.547341540455818176e-02,2.229599282145500183e-02,2.385548874735832214e-02,4.988066852092742920e-02,-2.708146721124649048e-02,-3.244699910283088684e-02,-1.531239002943038940e-01,4.504895582795143127e-02,-2.384442649781703949e-02,-5.210077390074729919e-02,-6.146728619933128357e-02,-1.318210065364837646e-01,6.920976191759109497e-02,-1.077503114938735962e-01,-1.787757873535156250e-01,1.911599002778530121e-02,-1.230382844805717468e-01,-8.209547400474548340e-02,-1.678851060569286346e-02,1.013851314783096313e-01,-4.368229582905769348e-02,-1.353392452001571655e-01,-1.019977405667304993e-01,-1.326820068061351776e-02,-1.123654320836067200e-01,-3.136092796921730042e-02,1.769740134477615356e-01,-1.296797990798950195e-01,-3.429066156968474388e-03,-9.557806700468063354e-02,-1.165559962391853333e-01,4.335893318057060242e-02,1.027687862515449524e-01,5.668351799249649048e-02,8.380805701017379761e-02,-7.058595120906829834e-02,1.031093373894691467e-01,1.231587305665016174e-02,9.534081816673278809e-02,-1.699953228235244751e-01,1.088374760001897812e-02,-1.240368559956550598e-01,-1.076844632625579834e-01,-1.309966389089822769e-02,-8.377151936292648315e-02,7.276928424835205078e-02,-3.745529800653457642e-02,5.876836366951465607e-03,-8.338623493909835815e-02,-1.620329171419143677e-01,-1.092990934848785400e-01,-1.375730782747268677e-01,-1.072469130158424377e-01,3.958391770720481873e-02,9.818426519632339478e-02,-5.614806432276964188e-03,-2.353803068399429321e-02,-1.287732040509581566e-03,5.799794569611549377e-03,7.785618305206298828e-02,2.260957099497318268e-02,-3.067246638238430023e-02,-1.436020713299512863e-02,7.251777499914169312e-02,-3.373032435774803162e-02,-1.591469198465347290e-01,-1.309917569160461426e-01,-1.210661306977272034e-01,-1.412138044834136963e-01,9.537173807621002197e-02,-1.541595458984375000e-01,1.190731972455978394e-01,-5.020754039287567139e-02,-1.080136373639106750e-02,-7.730493694543838501e-02,-9.830865263938903809e-02,-2.239695191383361816e-02,7.635754998773336411e-03,-5.915540829300880432e-02,7.453702390193939209e-03,-8.344291150569915771e-02,5.151029676198959351e-02,3.853853850159794092e-04,-1.096667721867561340e-01,-9.449518471956253052e-02,-8.918181806802749634e-02,4.040600731968879700e-03,-6.934957928024232388e-04,1.112154498696327209e-02,3.125127404928207397e-02,-4.413543269038200378e-02,5.294286832213401794e-02,-3.949606418609619141e-02,4.174198210239410400e-02,-6.862673908472061157e-02,-3.323264047503471375e-02,2.827580552548170090e-03,-1.196899488568305969e-01,-1.336589157581329346e-01,-1.911213994026184082e-02,2.799611538648605347e-03,-1.300513148307800293e-01,-9.989431500434875488e-02,-2.162459492683410645e-02,-4.769742488861083984e-03,-1.056895777583122253e-01,-1.217309311032295227e-01,-1.125945374369621277e-01,-9.928528964519500732e-02,-7.471666485071182251e-02,-3.334498405456542969e-02,-1.365494728088378906e-01,-1.058628931641578674e-01,3.899768739938735962e-02,1.032329946756362915e-01,-6.012148037552833557e-02,-2.445570379495620728e-02,-4.735956899821758270e-03,-1.199537441134452820e-01,-2.613067440688610077e-02,-7.338045537471771240e-02,6.157845258712768555e-02,-7.918724417686462402e-02,-7.051905244588851929e-02,9.297537617385387421e-03,-1.380784362554550171e-01,-3.406981378793716431e-02,6.982439756393432617e-02,-1.520507317036390305e-02,-2.158650662750005722e-03,2.632952295243740082e-02,9.805896133184432983e-02,8.726204931735992432e-02,-9.417362511157989502e-02,2.923865243792533875e-02,4.793262481689453125e-02,-6.738006323575973511e-02,-4.963143169879913330e-02,1.654905639588832855e-02,-1.100775673985481262e-01,1.002143546938896179e-01,1.447451952844858170e-02,-5.525932181626558304e-03,3.890308365225791931e-02,1.140378639101982117e-01,-2.035574428737163544e-02,-7.824025303125381470e-02,-1.034321561455726624e-01,2.722744271159172058e-02,-1.358604133129119873e-01,-6.144203618168830872e-02,2.384047210216522217e-02,-7.389149069786071777e-02,-3.246605768799781799e-02,2.215221710503101349e-02,9.297879785299301147e-02,6.277661025524139404e-02,-3.446711972355842590e-02,-2.065205946564674377e-02,-9.047000110149383545e-02,-4.287038370966911316e-02,-8.940828591585159302e-02,5.388878658413887024e-02,-1.554872188717126846e-02,-8.503532409667968750e-02,-2.600581385195255280e-02,-3.124103508889675140e-02,6.752001494169235229e-02,6.463931500911712646e-02,-5.376472137868404388e-03,1.732861809432506561e-02,-4.181197285652160645e-02,-1.015654504299163818e-01,-9.529611468315124512e-02,-7.330333441495895386e-02,-4.824445769190788269e-02,3.465475887060165405e-02,-1.055991873145103455e-01,-7.611967623233795166e-02,3.544752672314643860e-02,8.061148971319198608e-02,-5.144559964537620544e-02,-9.960417449474334717e-02,6.137412413954734802e-02,6.112103909254074097e-02,-1.384006887674331665e-01,-6.498775631189346313e-02,4.572541266679763794e-02,-9.049610048532485962e-02,-1.000723540782928467e-01,8.247537910938262939e-02,4.076711460947990417e-02,-3.439287841320037842e-02,-6.863152608275413513e-03,-4.134446755051612854e-02,-5.372717976570129395e-02,-1.022335961461067200e-01,7.570617645978927612e-02,-1.041945219039916992e-01,-7.392283529043197632e-02,-1.329455226659774780e-01,-1.522685121744871140e-02,1.867379806935787201e-02,-3.574900701642036438e-02,-1.127854213118553162e-01,-1.260095089673995972e-01,-6.241103634238243103e-02,-1.515165995806455612e-02,8.277031593024730682e-03,1.174791902303695679e-01,8.670607209205627441e-02,-8.700164966285228729e-03,-4.947154968976974487e-02,-1.516413688659667969e-01,-7.778622955083847046e-02,1.092608943581581116e-01,-2.655167132616043091e-02,-1.492853313684463501e-01,-9.692033380270004272e-02,4.224649816751480103e-02,-1.162001192569732666e-01,4.520989581942558289e-02,4.035039991140365601e-02,-8.453519642353057861e-02,1.238512024283409119e-01,-4.437198396772146225e-03,-1.050400286912918091e-01,-7.381998002529144287e-02,-9.274493902921676636e-02,-3.898391500115394592e-02,-1.629410535097122192e-01,5.468987394124269485e-03,7.929055392742156982e-02,1.148531399667263031e-02,-7.086770609021186829e-03,4.653185606002807617e-02,-1.526621133089065552e-01,5.443084612488746643e-02,8.524997532367706299e-02,-9.582857042551040649e-02,-9.290993958711624146e-02,-4.283141717314720154e-02,-1.257334053516387939e-01,1.379653811454772949e-02,8.626098930835723877e-02,5.095883458852767944e-02,-1.007915586233139038e-01,3.570349887013435364e-02,-1.093700826168060303e-01,-8.444301784038543701e-03,-7.198321074247360229e-02,-6.122957542538642883e-02,-2.839593915268778801e-03,-5.639053881168365479e-02
1.337241530418395996e-01,1.861340552568435669e-01,9.291461855173110962e-02,-4.128286149352788925e-03,2.346139028668403625e-02,1.172861233353614807e-01,5.621563643217086792e-03,4.726595059037208557e-02,-8.953277766704559326e-02,1.091125532984733582e-01,1.030973717570304871e-01,-8.695743232965469360e-02,2.942107617855072021e-01,-2.877147123217582703e-02,9.408624470233917236e-02,1.154696685262024403e-03,1.245635524392127991e-01,4.669218957424163818e-01,2.141726389527320862e-02,-1.349370777606964111e-01,-1.457360237836837769e-01,-8.237856673076748848e-04,7.177261169999837875e-03,-1.993534266948699951e-01,-2.030610144138336182e-01,3.942916691303253174e-01,6.795913726091384888e-02,-1.104810759425163269e-01,2.322516590356826782e-01,-2.091208398342132568e-01,4.470338299870491028e-02,-1.973004341125488281e-01,3.094528019428253174e-01,1.968314200639724731e-01,8.001367747783660889e-02,-1.276032347232103348e-02,-4.293744564056396484e-01,-3.435004055500030518e-01,-1.857415586709976196e-01,-2.910569608211517334e-01,-1.128291264176368713e-01,9.383746981620788574e-02,-1.054653059691190720e-02,-8.157890290021896362e-02,4.798534512519836426e-02,-2.878714203834533691e-01,-1.544584333896636963e-01,-2.163923680782318115e-01,1.115375161170959473e-01,4.291639924049377441e-01,1.348777860403060913e-01,2.104833722114562988e-01,-5.444371700286865234e-01,-4.540180265903472900e-01,-1.183523163199424744e-01,-1.258820593357086182e-01,-1.202103495597839355e-01,-1.586599275469779968e-02,-1.468031853437423706e-01,3.880232572555541992e-02,-1.461810916662216187e-01,9.973740577697753906e-02,-7.606835663318634033e-02,-5.909004434943199158e-02,1.253284960985183716e-01,3.459005057811737061e-01,-1.124670729041099548e-01,-5.000590160489082336e-02,3.464352339506149292e-02,1.057500243186950684e-01,7.374572008848190308e-02,-2.770433127880096436e-01,8.725984022021293640e-03,5.414214730262756348e-02,9.462659806013107300e-02,-1.268119830638170242e-02,1.291033923625946045e-01,3.242392838001251221e-02,-1.230263039469718933e-01,-3.663250431418418884e-02,-2.805452607572078705e-02,-1.474149078130722046e-01,-3.411947190761566162e-02,-1.314919590950012207e-01,-5.679796636104583740e-02,1.754253506660461426e-01,8.311374485492706299e-02,-1.971129924058914185e-01,1.063442081212997437e-01,1.660272926092147827e-01,8.061448484659194946e-02,-1.499855704605579376e-02,4.839599877595901489e-02,4.762952402234077454e-02,5.567992851138114929e-02,-1.492778211832046509e-01,6.714437901973724365e-02,8.583421260118484497e-02,1.784031689167022705e-01,1.175606623291969299e-01,-6.464593857526779175e-02,-6.156377866864204407e-02,-2.791009843349456787e-01,1.083776820451021194e-02,3.092863783240318298e-02,-1.641779989004135132e-01,-1.051340252161026001e-01,1.343473941087722778e-01,2.213014289736747742e-02,-1.497895270586013794e-01,-1.050930172204971313e-01,1.582613028585910797e-02,1.680314987897872925e-01,5.142920464277267456e-02,2.129321992397308350e-01,1.950087994337081909e-01,2.810992300510406494e-01,-7.787260413169860840e-02,-6.942216306924819946e-02,1.656639426946640015e-01,-1.233066245913505554e-02,3.907477483153343201e-02,-1.688014119863510132e-01,2.031696289777755737e-01,-1.384515166282653809e-01,1.617980152368545532e-01,5.697477608919143677e-02,5.214611999690532684e-03,-1.560238301753997803e-01,7.174717634916305542e-02,1.135898530483245850e-01,-6.324206292629241943e-02,-1.844754517078399658e-01,1.185922920703887939e-01,-1.644034236669540405e-01,-1.801848877221345901e-03,1.713984832167625427e-02,-1.736851036548614502e-02,3.734061960130929947e-03,-1.736178398132324219e-01,1.201289743185043335e-01,6.283900886774063110e-02,4.695678129792213440e-02,-6.962874531745910645e-02,-5.421259626746177673e-02,-2.490726485848426819e-02,6.726868450641632080e-02,1.168182492256164551e-01,-1.164384409785270691e-01,1.949962414801120758e-02,1.465982049703598022e-01,-1.955011636018753052e-01,-1.621553003787994385e-01,2.803293429315090179e-02,2.127421796321868896e-01,3.216242045164108276e-02,5.347876250743865967e-02,7.646119594573974609e-02,6.657546013593673706e-02,9.536716341972351074e-02,3.184342384338378906e-02,1.837619394063949585e-02,1.094465032219886780e-01,1.090112375095486641e-03,-1.703932285308837891e-01,8.120871335268020630e-02,-2.981986850500106812e-02,-7.575061172246932983e-02,2.143466025590896606e-01,-1.936466246843338013e-01,-3.280437085777521133e-03,1.014925986528396606e-01,-1.650829017162322998e-01,6.064146384596824646e-02,1.279722154140472412e-01,3.143584355711936951e-02,-1.113627199083566666e-02,-1.026145182549953461e-02,-1.902876198291778564e-01,1.643757335841655731e-02,1.308412104845046997e-01,-1.924876421689987183e-01,-2.932488173246383667e-02,-1.159026473760604858e-01,1.689962744712829590e-01,6.079354789108037949e-03,-1.082839742302894592e-01,3.459005057811737061e-02,-5.736373364925384521e-02,-2.822249382734298706e-02,1.561816930770874023e-01,3.499661758542060852e-02,-6.993607431650161743e-02,-1.114096567034721375e-01,1.146090626716613770e-01,5.828364565968513489e-02,7.619780302047729492e-02,-1.390434354543685913e-01,2.052398957312107086e-02,-1.239558756351470947e-01,-2.370916120707988739e-02,-1.467874050140380859e-01,2.269410341978073120e-01,-3.376171365380287170e-02,-7.880758494138717651e-02,3.159669041633605957e-02,1.350275613367557526e-02,-7.957763224840164185e-02,2.193900793790817261e-01,9.929271787405014038e-02,-3.403595462441444397e-02,5.545592308044433594e-02,1.111450716853141785e-01,-5.745580792427062988e-02,-4.439745843410491943e-02,-2.327477782964706421e-01,3.821054846048355103e-02,-1.226481199264526367e-01,1.574016213417053223e-01,-1.851083785295486450e-01,-1.590631008148193359e-01,6.934345513582229614e-02,9.685508906841278076e-02,-1.060087904334068298e-01,-9.508412331342697144e-02,-6.526998430490493774e-02,-7.641335576772689819e-02,-5.719913914799690247e-02,1.491767019033432007e-01,-1.374508906155824661e-02,1.491480916738510132e-01,5.995789915323257446e-02,-6.320284307003021240e-02,-1.642205864191055298e-01,-7.886826246976852417e-02,-1.362658888101577759e-01,-1.486529409885406494e-01,-8.165930956602096558e-02,1.257869154214859009e-01,2.278559505939483643e-01,-1.079466715455055237e-01,-6.697610765695571899e-02,-1.030987203121185303e-01,-3.009691238403320312e-01,1.340573877096176147e-01,-4.710198938846588135e-02,6.539857387542724609e-02,-6.322453729808330536e-03,-2.158146500587463379e-01,-1.750999391078948975e-01,-9.096936881542205811e-02,-1.335450857877731323e-01,8.141816407442092896e-02,-1.635556966066360474e-01,4.578308761119842529e-02,1.065984889864921570e-01
-2.079340070486068726e-02,8.996619284152984619e-02,-2.340196818113327026e-02,-9.593514353036880493e-02,1.414033919572830200e-01,1.903992593288421631e-01,-8.496828377246856689e-02,7.575929164886474609e-02,4.729020223021507263e-02,1.767997294664382935e-01,-4.473881423473358154e-02,1.680236309766769409e-01,3.568241745233535767e-02,1.125852316617965698e-01,2.203023582696914673e-01,4.202703014016151428e-02,-4.483855795115232468e-03,3.180219531059265137e-01,-1.468019932508468628e-01,-1.487246006727218628e-01,-7.795221637934446335e-03,1.115704514086246490e-02,1.896491646766662598e-01,-8.865462243556976318e-02,-1.644289046525955200e-01,-1.081231385469436646e-01,-1.729739010334014893e-01,1.494310200214385986e-01,-6.916709709912538528e-03,4.471183940768241882e-02,-9.418998844921588898e-03,-4.710514098405838013e-02,-1.717748641967773438e-01,2.015320062637329102e-01,-5.958154425024986267e-02,5.620603915303945541e-03,1.690103113651275635e-01,-2.341266274452209473e-01,1.593677252531051636e-01,7.833473500795662403e-04,-7.617507595568895340e-03,-2.660048566758632660e-02,7.169534265995025635e-02,-1.309420764446258545e-01,1.498973518610000610e-01,1.008166745305061340e-01,9.660299122333526611e-02,-1.379719972610473633e-01,-1.619579195976257324e-01,5.647412966936826706e-03,1.554044056683778763e-02,-1.012783125042915344e-02,1.776059120893478394e-01,-4.043404385447502136e-02,-4.117109999060630798e-02,7.491985708475112915e-02,-3.732284903526306152e-02,-1.321839354932308197e-02,-8.991920948028564453e-02,-1.137615516781806946e-01,1.080657541751861572e-01,1.377598792314529419e-01,-2.759362757205963135e-02,-9.250390529632568359e-02,-5.752987414598464966e-02,9.654488414525985718e-02,-1.216609999537467957e-01,-2.230553478002548218e-01,3.480854257941246033e-02,1.760334372520446777e-01,-6.718222051858901978e-02,1.285963356494903564e-01,8.681515604257583618e-02,-2.234930545091629028e-01,-1.074910089373588562e-01,5.254411697387695312e-02,-1.449702400714159012e-02,-1.548465806990861893e-02,2.313710451126098633e-01,1.432119123637676239e-02,-2.018832117319107056e-01,9.393930435180664062e-03,-3.388732671737670898e-02,-3.402840793132781982e-01,6.148283556103706360e-02,-5.528123304247856140e-02,8.544851094484329224e-02,1.317627727985382080e-01,-1.284958571195602417e-01,-1.823248341679573059e-02,2.243307232856750488e-02,-8.839251846075057983e-02,2.345561087131500244e-01,-2.111845165491104126e-01,2.390978299081325531e-02,-6.250557303428649902e-02,5.566308647394180298e-02,9.951452724635601044e-03,-4.003065451979637146e-02,-7.236289232969284058e-02,-1.991928070783615112e-01,-1.652311086654663086e-01,1.034288257360458374e-01,-1.581876277923583984e-01,-9.522625803947448730e-02,6.955912709236145020e-02,2.247522026300430298e-02,1.064057052135467529e-01,1.760337948799133301e-01,1.406132988631725311e-02,-1.544476449489593506e-01,1.851319707930088043e-02,-2.008242346346378326e-02,-8.353678882122039795e-02,-3.804640471935272217e-02,7.135440409183502197e-02,-8.843365311622619629e-02,-6.939750164747238159e-02,-1.567137241363525391e-01,1.450845301151275635e-01,1.191722676157951355e-01,-1.648175865411758423e-01,-6.310043483972549438e-02,1.754678189754486084e-01,-1.161690708249807358e-02,2.152656614780426025e-01,-1.063880398869514465e-01,-3.730307333171367645e-03,-2.510463297367095947e-01,3.045859038829803467e-01,-2.792814075946807861e-01,-4.459678009152412415e-02,-1.274554878473281860e-01,1.132788509130477905e-01,-3.603744879364967346e-02,-9.311816096305847168e-02,1.779818683862686157e-01,1.273357868194580078e-01,-6.679088622331619263e-02,1.339520514011383057e-01,1.002441346645355225e-01,1.093804463744163513e-01,1.950743235647678375e-02,-3.144431710243225098e-01,3.384044766426086426e-02,1.357842516154050827e-02,2.293727993965148926e-01,-2.454660981893539429e-01,-8.872284740209579468e-02,-1.107136681675910950e-01,4.440147429704666138e-02,8.183924481272697449e-03,1.814987659454345703e-01,5.367783829569816589e-03,4.362352564930915833e-02,-1.168761402368545532e-02,1.349641531705856323e-01,1.741574332118034363e-02,-7.645696401596069336e-02,-1.775534749031066895e-01,1.446025371551513672e-01,5.845757573843002319e-02,1.482469141483306885e-01,-1.920465081930160522e-01,-1.071363314986228943e-02,4.691718518733978271e-02,-1.241709850728511810e-02,-1.743750274181365967e-02,2.750917151570320129e-02,2.005155235528945923e-01,2.298436909914016724e-01,8.637949824333190918e-02,-2.165974117815494537e-02,-1.485229581594467163e-01,-1.162034571170806885e-01,3.749063983559608459e-02,8.851400017738342285e-02,2.183325961232185364e-02,-9.119334071874618530e-02,5.635052174329757690e-02,2.015221565961837769e-01,-1.640634685754776001e-01,3.040677681565284729e-02,3.430377691984176636e-02,-4.706773906946182251e-02,1.390709429979324341e-01,-1.889792829751968384e-01,1.862774193286895752e-01,-7.786678522825241089e-02,5.221893079578876495e-03,3.385198488831520081e-02,-1.638718321919441223e-02,-4.179112613201141357e-01,-6.909175962209701538e-02,1.515484899282455444e-01,9.273603558540344238e-03,3.103658184409141541e-02,1.160274595022201538e-01,-1.669777743518352509e-02,1.825837045907974243e-01,-4.802824929356575012e-02,-7.549563795328140259e-02,-7.709743827581405640e-02,-3.697590902447700500e-02,-1.021792739629745483e-01,2.491661310195922852e-01,-2.617301642894744873e-01,-1.821996085345745087e-02,-1.332025527954101562e-01,-2.962131402455270290e-04,6.601124256849288940e-02,-2.653025388717651367e-01,3.760183602571487427e-02,-1.347333937883377075e-01,1.325773894786834717e-01,8.665499091148376465e-02,-1.318749338388442993e-01,1.629656553268432617e-01,1.631471365690231323e-01,1.206841990351676941e-01,-5.322957411408424377e-02,1.361326277256011963e-01,-1.792301088571548462e-01,-6.466781720519065857e-03,2.046668082475662231e-01,-9.858700633049011230e-02,1.798580288887023926e-01,-3.020143210887908936e-01,1.786320060491561890e-01,1.112964525818824768e-01,-9.952635318040847778e-02,-1.430801749229431152e-01,-2.334802225232124329e-02,-5.858715251088142395e-02,1.190735250711441040e-01,-5.653855204582214355e-02,-5.908772815018892288e-03,-5.982639640569686890e-02,6.770385056734085083e-02,-1.911512017250061035e-01,-1.219676900655031204e-02,-7.004079222679138184e-02,-4.124865531921386719e-01,2.162586152553558350e-02,1.443322896957397461e-01,-2.104439213871955872e-02,5.787357687950134277e-02,7.798275351524353027e-02,-1.767064630985260010e-01,-1.504321843385696411e-01,-4.585390910506248474e-02,4.610177129507064819e-02,8.303412050008773804e-02,-2.287137359380722046e-01,-8.200664818286895752e-02,6.552211195230484009e-02
-8.009285479784011841e-02,-3.319778740406036377e-01,-6.932208687067031860e-02,2.702411636710166931e-02,-2.113356441259384155e-01,3.135584667325019836e-02,1.300645380979403853e-04,5.684857070446014404e-02,9.191070683300495148e-03,1.976860612630844116e-01,4.987452644854784012e-03,2.112911343574523926e-01,3.445085883140563965e-01,-2.158413827419281006e-01,-7.158309221267700195e-02,6.278661638498306274e-02,-1.791424304246902466e-02,-7.489665597677230835e-02,3.132589161396026611e-02,1.617957055568695068e-01,-7.550106942653656006e-02,1.238929405808448792e-01,-1.614349782466888428e-01,-8.103501796722412109e-02,1.198117062449455261e-01,4.328445717692375183e-02,9.205079823732376099e-02,-1.039749756455421448e-01,2.691892683506011963e-01,5.751046910881996155e-02,2.334228716790676117e-02,8.406452834606170654e-02,-7.406450808048248291e-02,-1.850281655788421631e-02,-2.950041294097900391e-01,-1.063683629035949707e-01,1.312346011400222778e-01,4.988915473222732544e-02,-1.760379374027252197e-01,-5.403071269392967224e-02,-1.533167362213134766e-01,8.537540584802627563e-02,-1.064693182706832886e-01,9.505207091569900513e-02,2.136710844933986664e-02,-4.098402708768844604e-02,-4.719412326812744141e-02,1.050335168838500977e-01,2.968932986259460449e-01,7.881013303995132446e-02,9.116635471582412720e-02,-1.367742568254470825e-01,-5.774982646107673645e-02,-9.324480593204498291e-02,2.172909528017044067e-01,-2.291391193866729736e-01,-7.938956469297409058e-02,-2.315693348646163940e-01,8.557543903589248657e-02,7.620094716548919678e-02,-7.183877378702163696e-02,1.225276142358779907e-01,-1.627531945705413818e-01,8.709444850683212280e-02,3.743382543325424194e-02,-7.150296866893768311e-02,8.808846771717071533e-02,-2.796315848827362061e-01,2.120604366064071655e-01,-1.399087533354759216e-02,1.833857148885726929e-01,-2.556513249874114990e-01,-7.137191481888294220e-03,-1.481584310531616211e-01,-3.194874152541160583e-02,1.740396916866302490e-01,1.741385832428932190e-02,1.113097518682479858e-01,1.102083250880241394e-01,2.582523524761199951e-01,1.528744697570800781e-01,-7.323903590440750122e-02,1.638181693851947784e-02,-1.158432513475418091e-01,3.208175301551818848e-02,2.328990697860717773e-01,-1.007408052682876587e-01,3.758652880787849426e-02,1.312936749309301376e-02,-1.758859492838382721e-02,-5.611167848110198975e-02,-7.973013818264007568e-02,7.969176769256591797e-02,1.144963502883911133e-01,7.497692108154296875e-02,-1.677601337432861328e-01,1.430150866508483887e-02,2.820449508726596832e-02,2.827009856700897217e-01,-9.259673207998275757e-02,2.302432060241699219e-02,-3.294493257999420166e-02,6.053996458649635315e-02,-2.734570205211639404e-02,3.738195076584815979e-02,-1.756671667098999023e-01,1.709141731262207031e-01,-1.873515360057353973e-02,4.170483723282814026e-02,-1.257257908582687378e-01,5.980719625949859619e-02,1.722374185919761658e-02,1.964140385389328003e-01,-3.802723437547683716e-02,1.252749711275100708e-01,2.442253287881612778e-03,2.052348405122756958e-01,-1.106488630175590515e-01,4.087519049644470215e-01,3.793585300445556641e-02,-7.201414555311203003e-02,-2.980631887912750244e-01,2.901148423552513123e-02,-1.634088307619094849e-01,-1.499610543251037598e-01,5.184060335159301758e-02,-1.408246308565139771e-01,1.463053226470947266e-01,-1.185926571488380432e-01,-1.656791418790817261e-01,-1.707293987274169922e-01,-2.000077664852142334e-01,-2.311935573816299438e-01,-1.208558231592178345e-01,9.058658778667449951e-02,2.198545187711715698e-01,2.761383540928363800e-02,-1.618510633707046509e-01,-1.305054128170013428e-01,-1.431573480367660522e-01,-1.784792989492416382e-01,-1.450669169425964355e-01,-1.332546472549438477e-01,1.013267599046230316e-02,-6.175024434924125671e-03,1.744047105312347412e-01,1.377169340848922729e-01,-1.235846951603889465e-01,-1.414449512958526611e-01,7.591222226619720459e-02,1.677554994821548462e-01,1.616920232772827148e-01,4.673274978995323181e-02,1.816874928772449493e-02,5.950968712568283081e-03,-1.179868280887603760e-01,-2.017335444688796997e-01,-2.206966131925582886e-01,-3.429472073912620544e-02,-9.433686733245849609e-02,3.265276178717613220e-02,-9.078101068735122681e-02,4.407616704702377319e-02,6.428053230047225952e-02,-7.980516552925109863e-02,-2.055510878562927246e-02,-1.247522309422492981e-01,-1.180735453963279724e-01,-1.350419968366622925e-01,1.521210819482803345e-01,1.475233435630798340e-01,-6.243026629090309143e-02,1.442015171051025391e-01,-3.204529359936714172e-02,-9.982432425022125244e-02,1.112644933164119720e-02,-7.231760025024414062e-02,2.663508653640747070e-01,-1.504688709974288940e-02,-6.674531102180480957e-02,1.311669498682022095e-01,-1.164269894361495972e-01,1.715169101953506470e-01,-1.504264585673809052e-02,5.623737722635269165e-02,-2.394351810216903687e-01,-6.712295114994049072e-02,2.329289168119430542e-02,-1.184753552079200745e-01,5.581416934728622437e-02,-8.159814029932022095e-02,-1.970599442720413208e-01,1.575275324285030365e-02,1.031062975525856018e-01,7.044190913438796997e-02,-3.735618898645043373e-03,-1.186697706580162048e-01,-4.549592733383178711e-02,-2.554560266435146332e-02,1.371352374553680420e-01,1.382222026586532593e-01,-1.244316324591636658e-01,-9.317707270383834839e-02,2.472279071807861328e-01,-3.560167253017425537e-01,3.136733770370483398e-01,6.717202812433242798e-02,6.931782513856887817e-02,-1.818709820508956909e-02,6.280802935361862183e-02,-1.592160314321517944e-01,5.304506048560142517e-02,-2.977149002254009247e-02,9.682354331016540527e-02,-1.958053857088088989e-01,4.988672677427530289e-03,1.380185633897781372e-01,1.144185215234756470e-01,4.271743446588516235e-02,1.881713569164276123e-01,-1.271152049303054810e-01,8.838602900505065918e-02,1.168427392840385437e-01,2.327218800783157349e-01,-6.086454261094331741e-03,-1.641151309013366699e-01,-2.232777476310729980e-01,2.439903840422630310e-02,-1.213859245181083679e-01,8.909434080123901367e-02,-3.186696767807006836e-01,9.105840697884559631e-03,1.622987389564514160e-01,1.987264156341552734e-01,-4.232956096529960632e-02,-7.446227129548788071e-03,-6.581811700016260147e-03,-7.370162010192871094e-02,8.561245165765285492e-03,-1.719515174627304077e-01,1.405102461576461792e-01,-2.887392938137054443e-01,-6.928115338087081909e-02,1.801559329032897949e-02,3.390300273895263672e-02,7.244323194026947021e-02,-1.301128417253494263e-01,1.639950573444366455e-01,-3.929668292403221130e-02,9.076764434576034546e-02,-3.906500712037086487e-02,6.882214546203613281e-02,-4.911529272794723511e-02,2.542952820658683777e-02,9.137863665819168091e-02,-4.808916524052619934e-02
5.133128911256790161e-02,2.790427207946777344e-01,1.191787123680114746e-01,7.181622833013534546e-02,-1.643793731927871704e-01,-2.540427148342132568e-01,-2.890636026859283447e-01,-1.171261966228485107e-01,-7.667706813663244247e-04,-2.036914378404617310e-01,1.376486718654632568e-01,2.577859163284301758e-02,-1.551390737295150757e-01,1.068664044141769409e-01,-4.132000356912612915e-02,-8.826259523630142212e-02,-9.955957531929016113e-02,-1.300085484981536865e-01,-6.249030679464340210e-02,3.418359905481338501e-02,1.157490834593772888e-01,-1.883787661790847778e-01,-2.182870656251907349e-01,3.283115103840827942e-02,-1.387222111225128174e-01,5.591968819499015808e-02,-1.866804785095155239e-03,-9.286635369062423706e-02,1.310214549303054810e-01,2.842790074646472931e-02,-1.186874359846115112e-01,-1.068411767482757568e-01,1.599981635808944702e-01,-1.455557625740766525e-02,1.114430353045463562e-01,8.851881325244903564e-02,4.430517554283142090e-02,-1.879734098911285400e-01,-9.688524901866912842e-02,-1.075969487428665161e-01,-6.832171231508255005e-02,7.724864408373832703e-03,-2.251241654157638550e-01,-9.969833493232727051e-02,1.476759314537048340e-01,-7.436783611774444580e-02,-1.815250664949417114e-01,8.623871952295303345e-02,-1.511751860380172729e-01,-1.288897097110748291e-01,-2.914341911673545837e-02,1.046133339405059814e-01,1.242561042308807373e-01,-1.329526752233505249e-01,1.427943855524063110e-01,4.231379926204681396e-02,-8.448687382042407990e-03,-2.134676128625869751e-01,-1.405671089887619019e-01,1.580365896224975586e-01,-4.577096551656723022e-03,1.271218657493591309e-01,-8.623127639293670654e-02,-4.605606198310852051e-02,6.570101529359817505e-02,-1.286968141794204712e-01,1.167660281062126160e-01,1.619719117879867554e-01,-7.828589528799057007e-03,-5.595569685101509094e-02,-3.489043414592742920e-01,-1.469044387340545654e-01,1.203017309308052063e-01,-2.491334080696105957e-02,5.484436824917793274e-02,-3.701106458902359009e-02,5.092321662232279778e-04,5.374092981219291687e-02,-9.166425466537475586e-02,4.140853509306907654e-02,-7.966614328324794769e-03,2.750988490879535675e-02,9.183806180953979492e-02,8.571907877922058105e-02,-1.302076280117034912e-01,-2.079384028911590576e-01,-9.278843551874160767e-02,-1.942602246999740601e-01,1.276985853910446167e-01,-1.067433785647153854e-02,2.771511301398277283e-02,-1.596826761960983276e-01,4.443705454468727112e-02,-6.667882949113845825e-02,2.179106511175632477e-02,3.865997865796089172e-02,-1.472819745540618896e-01,3.079875605180859566e-03,1.019066348671913147e-01,7.865598425269126892e-03,-6.071243435144424438e-02,4.851043596863746643e-02,-3.475540131330490112e-02,1.352612972259521484e-01,8.685307204723358154e-02,-1.903758198022842407e-02,2.093014307320117950e-02,-6.140103936195373535e-02,-6.084447354078292847e-02,-1.485830638557672501e-02,-4.384407773613929749e-02,4.360308498144149780e-02,-1.142837703227996826e-01,-1.903488785028457642e-01,-1.833761185407638550e-01,-1.598296761512756348e-01,1.227643117308616638e-01,1.790671646595001221e-01,1.027178689837455750e-01,2.810785174369812012e-01,-5.989634245634078979e-02,1.334912776947021484e-01,-5.597162619233131409e-02,-1.112861037254333496e-01,7.476882636547088623e-02,-2.590353488922119141e-01,3.791792690753936768e-02,2.400176376104354858e-01,1.094120368361473083e-01,-8.881761133670806885e-02,5.728619173169136047e-02,-7.227542251348495483e-02,-5.430618673563003540e-02,2.500145435333251953e-01,5.049766972661018372e-02,-7.615697570145130157e-03,9.372753649950027466e-02,1.548941880464553833e-01,-8.891801536083221436e-02,-2.798168733716011047e-02,2.378696948289871216e-01,-1.227627322077751160e-01,-6.510665267705917358e-02,5.331033095717430115e-02,5.788634344935417175e-02,-1.366410404443740845e-01,-2.607626281678676605e-02,-3.369168639183044434e-01,1.111176609992980957e-01,5.017957650125026703e-03,4.961206577718257904e-03,-1.389813423156738281e-01,4.001915827393531799e-02,4.650507122278213501e-02,-1.525744609534740448e-02,3.403732180595397949e-02,4.546168819069862366e-02,-8.852382749319076538e-02,4.491491615772247314e-02,6.376049667596817017e-02,-8.644696325063705444e-03,-1.177290827035903931e-01,-7.864553481340408325e-03,1.590153947472572327e-02,5.322371050715446472e-02,-8.939479291439056396e-02,-7.790911197662353516e-02,-3.778663650155067444e-02,-6.666053552180528641e-03,-1.439980417490005493e-01,-6.464006006717681885e-02,8.442861586809158325e-02,2.584474161267280579e-02,7.078565657138824463e-02,1.502024531364440918e-01,-2.601653151214122772e-02,-1.505255103111267090e-01,-4.043192311655730009e-04,-1.547286361455917358e-01,1.928259991109371185e-02,-1.074404790997505188e-01,1.357987821102142334e-01,1.770624816417694092e-01,-2.975573204457759857e-02,1.909347176551818848e-01,2.743687629699707031e-01,6.279200315475463867e-02,-2.076152414083480835e-01,-7.371417433023452759e-02,-1.873570680618286133e-01,-5.996344145387411118e-03,-4.031134024262428284e-02,-3.365047276020050049e-02,-5.601172447204589844e-01,-5.224459618330001831e-02,-2.013217210769653320e-01,8.572500199079513550e-02,2.322537004947662354e-01,1.691296845674514771e-01,3.034706972539424896e-02,1.280272006988525391e-01,-7.653870433568954468e-02,-1.381952017545700073e-01,1.457307934761047363e-01,-5.032893270254135132e-02,-1.678491532802581787e-01,-8.541862666606903076e-02,1.320551335811614990e-01,-1.534736752510070801e-01,-2.685518562793731689e-01,-2.565176486968994141e-01,-9.285802394151687622e-02,1.997548192739486694e-01,1.532174763269722462e-03,1.278387755155563354e-01,2.338270246982574463e-01,3.714125603437423706e-02,-1.211583521217107773e-02,2.870628610253334045e-03,-1.750264503061771393e-02,-2.844706177711486816e-01,4.368356429040431976e-03,2.049802616238594055e-02,1.733636856079101562e-01,-1.328630000352859497e-01,6.350849568843841553e-02,-6.853549182415008545e-02,-6.014777719974517822e-02,2.474386431276798248e-02,2.154577523469924927e-02,2.012394517660140991e-01,-3.915270417928695679e-02,9.300885349512100220e-02,8.998597413301467896e-02,-2.657930366694927216e-02,8.434195071458816528e-02,-4.520010948181152344e-02,-3.752180561423301697e-02,1.427387595176696777e-01,2.892395257949829102e-01,-2.234141379594802856e-01,4.002919793128967285e-02,-1.580709666013717651e-01,4.348550736904144287e-02,5.106011033058166504e-02,-1.499178409576416016e-01,-6.759590655565261841e-02,-1.775726526975631714e-01,-1.404129564762115479e-01,2.613189518451690674e-01,-9.927231818437576294e-02,1.894236654043197632e-01,-6.089553609490394592e-02,1.431373208761215210e-01,1.635628007352352142e-02,-7.790845632553100586e-02
-4.163309931755065918e-02,2.839405648410320282e-02,-1.242292448878288269e-01,-8.253740519285202026e-02,1.561411768198013306e-01,1.569712758064270020e-01,-1.329711228609085083e-01,-1.103324517607688904e-01,7.532429695129394531e-02,6.512667238712310791e-02,-1.197926402091979980e-01,-1.076107472181320190e-01,-8.890740573406219482e-02,1.053832322359085083e-01,-8.623697608709335327e-02,2.618211321532726288e-03,-8.364506810903549194e-02,-6.893201917409896851e-02,4.577715694904327393e-02,-1.401573419570922852e-01,-1.954872393980622292e-03,-7.890387624502182007e-02,1.442409399896860123e-02,-1.376844942569732666e-01,-1.475585997104644775e-01,-1.157411485910415649e-01,3.984418511390686035e-02,-2.055980823934078217e-02,-1.235483437776565552e-01,-1.564669311046600342e-01,8.810966461896896362e-02,-1.281991451978683472e-01,7.196574658155441284e-02,-1.634898334741592407e-01,5.751094594597816467e-02,-3.422893956303596497e-02,-4.398239031434059143e-02,1.017928309738636017e-02,9.455309808254241943e-02,-4.784626513719558716e-02,-3.463008254766464233e-02,-5.732476245611906052e-03,-1.043521836400032043e-01,-7.369604706764221191e-02,-6.819018721580505371e-02,1.452685985714197159e-02,-1.531588882207870483e-01,-1.508949231356382370e-02,1.336406916379928589e-02,-1.324446052312850952e-01,-3.852697461843490601e-02,5.758995190262794495e-02,-1.390239149332046509e-01,2.515123412013053894e-02,-5.213392153382301331e-02,9.717896580696105957e-02,-2.853360027074813843e-03,-8.398581296205520630e-02,-4.065480828285217285e-02,-1.469534933567047119e-01,-5.499080941081047058e-02,-5.198514554649591446e-03,-1.713407039642333984e-01,-5.158114060759544373e-02,-7.665739953517913818e-02,2.242803014814853668e-02,6.670619547367095947e-02,1.728411577641963959e-02,3.676278889179229736e-02,-6.340021640062332153e-02,9.335254877805709839e-02,4.102608188986778259e-02,2.315964363515377045e-02,7.553106546401977539e-02,-1.147442683577537537e-01,9.100721776485443115e-02,-1.919352822005748749e-02,7.289315015077590942e-02,-5.814642179757356644e-03,-1.060357242822647095e-01,3.935689106583595276e-02,-1.162950694561004639e-01,9.443248063325881958e-02,4.808104410767555237e-02,-7.482614368200302124e-02,4.772754386067390442e-02,-6.593018025159835815e-02,-1.252435962669551373e-03,8.405513316392898560e-02,1.263730674982070923e-01,-1.208971589803695679e-01,1.088952496647834778e-01,-2.393715828657150269e-02,6.514246016740798950e-02,-7.707235962152481079e-02,-3.064296953380107880e-02,-1.440411806106567383e-01,5.005378648638725281e-02,-1.859205588698387146e-02,-4.184884950518608093e-02,-7.491012662649154663e-02,-8.393897116184234619e-02,-1.554725505411624908e-02,-1.250850856304168701e-01,-2.877000905573368073e-02,1.000920776277780533e-02,-1.027554422616958618e-01,3.500873595476150513e-02,4.178572818636894226e-02,3.581139072775840759e-02,-7.879474759101867676e-02,-1.583994776010513306e-01,1.304584275931119919e-02,9.241613000631332397e-02,9.024432301521301270e-02,-1.713104099035263062e-01,2.720917388796806335e-02,-1.718247681856155396e-01,-4.716241732239723206e-02,9.780922532081604004e-02,1.101430952548980713e-01,-1.780582964420318604e-01,-1.257735192775726318e-01,-2.563403360545635223e-02,-8.624067157506942749e-02,-2.330581285059452057e-02,-1.843438111245632172e-02,-1.184544116258621216e-01,-1.022371798753738403e-01,1.314443498849868774e-01,-5.405728891491889954e-02,-3.016153909265995026e-02,1.083608493208885193e-01,-1.216729655861854553e-01,8.887230418622493744e-03,-9.397898614406585693e-02,-7.419756799936294556e-02,-1.779600232839584351e-01,-9.511805325746536255e-02,-1.316995918750762939e-01,8.476841449737548828e-02,-2.836668491363525391e-02,1.160265598446130753e-02,5.261090397834777832e-02,-6.556168943643569946e-02,2.094999700784683228e-02,-6.183061748743057251e-02,-3.377836570143699646e-02,9.718438237905502319e-02,-8.384399116039276123e-02,3.729738295078277588e-02,1.469821203500032425e-02,4.842425137758255005e-02,-8.704647421836853027e-02,-1.093773823231458664e-02,4.373665899038314819e-02,1.156207099556922913e-01,-1.093483641743659973e-01,5.763484165072441101e-03,-8.761600404977798462e-02,5.436554551124572754e-03,-1.743344515562057495e-01,1.037433966994285583e-01,-9.398925304412841797e-02,6.406392902135848999e-02,-8.197323977947235107e-02,8.214846998453140259e-02,-1.264524310827255249e-01,-1.514294892549514771e-01,-1.142971292138099670e-01,-1.204712837934494019e-01,-3.460983559489250183e-02,-1.107241064310073853e-01,-1.022978872060775757e-01,-4.706052690744400024e-02,-1.186248753219842911e-02,1.236014217138290405e-01,-7.771015167236328125e-02,7.061389088630676270e-02,-9.135232307016849518e-03,5.936746299266815186e-02,6.109800189733505249e-02,-1.348979026079177856e-01,-8.185482025146484375e-02,-7.194219529628753662e-02,-1.445288360118865967e-01,-7.450304925441741943e-02,-6.392869353294372559e-02,-1.602800190448760986e-01,-1.895004883408546448e-02,-2.503233030438423157e-02,-9.390660375356674194e-02,1.232796255499124527e-02,-5.899896472692489624e-02,3.147492650896310806e-03,-9.431854635477066040e-02,-1.069624349474906921e-01,2.226379141211509705e-02,-4.234796762466430664e-02,-4.432072490453720093e-02,-9.059137850999832153e-02,-3.301800787448883057e-02,-6.325885653495788574e-02,3.940620273351669312e-02,5.368476733565330505e-03,-6.911959499120712280e-02,-9.741723537445068359e-02,5.725412443280220032e-02,8.192341029644012451e-02,-1.719660498201847076e-02,-6.588976085186004639e-02,2.691438794136047363e-02,-6.896538659930229187e-03,2.220511995255947113e-02,9.796069003641605377e-03,-1.424276828765869141e-01,-6.314758211374282837e-02,-8.628407493233680725e-03,-9.820692986249923706e-02,4.724955186247825623e-02,1.130511537194252014e-01,3.428691625595092773e-02,-1.089054066687822342e-02,-2.398518286645412445e-02,-1.238045319914817810e-01,-1.750397682189941406e-01,-4.091052711009979248e-02,-7.398464530706405640e-02,-8.530411124229431152e-02,-1.555413752794265747e-01,-3.626237437129020691e-02,-8.378084748983383179e-02,-9.080077707767486572e-02,-1.013787686824798584e-01,5.714040994644165039e-02,-1.408876925706863403e-01,-2.896681241691112518e-02,-1.121018901467323303e-01,-1.864705681800842285e-01,-7.821742445230484009e-02,3.076893277466297150e-02,9.558138251304626465e-02,-1.188305616378784180e-01,-5.211633443832397461e-02,3.491573780775070190e-02,-5.279334634542465210e-02,9.878341108560562134e-02,-1.180233657360076904e-01,-8.784942328929901123e-03,1.367590427398681641e-01,-1.218765601515769958e-01,-9.361032396554946899e-02,-1.467051059007644653e-01,-2.172152884304523468e-02,8.740251883864402771e-03,-9.773549437522888184e-02
-1.801063567399978638e-01,3.597959131002426147e-02,-2.030870616436004639e-01,3.616956295445561409e-03,3.603906603530049324e-03,1.051695924252271652e-02,2.020129412412643433e-01,-1.122483462095260620e-01,1.095079854130744934e-01,3.000821173191070557e-01,-2.385892421007156372e-01,3.951537981629371643e-02,-7.851924002170562744e-02,5.914010107517242432e-03,5.504605919122695923e-02,-2.327373921871185303e-01,2.578000724315643311e-02,-2.129724025726318359e-01,1.203515827655792236e-01,-2.302745282649993896e-01,-2.601598501205444336e-01,9.966655075550079346e-02,-1.670794934034347534e-01,-7.599699497222900391e-02,3.429829776287078857e-01,1.968904137611389160e-01,1.827626228332519531e-01,-5.419973284006118774e-02,9.545563906431198120e-02,-9.399727731943130493e-02,1.284376084804534912e-01,-7.536845654249191284e-02,9.692411869764328003e-02,1.208080127835273743e-01,1.385331600904464722e-01,1.367120891809463501e-01,-1.653624325990676880e-01,3.721080720424652100e-02,-4.140702262520790100e-02,-1.598674505949020386e-01,-7.371839880943298340e-02,3.733396232128143311e-01,1.929419785737991333e-01,-1.361884325742721558e-01,2.226379215717315674e-01,-7.605960965156555176e-02,1.780210733413696289e-01,-5.563163384795188904e-02,3.987664282321929932e-01,1.448727250099182129e-01,1.699320077896118164e-01,1.560628116130828857e-01,-2.498142868280410767e-01,8.850570023059844971e-02,-3.420085608959197998e-01,-1.969285607337951660e-01,-2.316384911537170410e-01,-2.306446619331836700e-02,4.025423154234886169e-02,5.348411202430725098e-02,4.222419112920761108e-02,-1.722068041563034058e-01,-1.044863760471343994e-01,-5.892561003565788269e-02,-3.615794479846954346e-01,9.627147763967514038e-02,-1.989699006080627441e-01,-2.394607961177825928e-01,-5.702139809727668762e-02,-1.249705925583839417e-01,2.013596892356872559e-01,8.885587751865386963e-02,8.596742898225784302e-02,1.967895776033401489e-01,8.746228367090225220e-02,-1.285356879234313965e-01,-1.053781658411026001e-01,2.294259965419769287e-01,-1.165730506181716919e-01,-1.167536005377769470e-01,6.251004338264465332e-02,-9.757487475872039795e-02,-5.764765664935112000e-02,1.593693345785140991e-01,-8.081101626157760620e-02,3.617615625262260437e-02,5.300508812069892883e-02,3.570219874382019043e-02,1.029803603887557983e-01,-1.367417871952056885e-01,-7.359112799167633057e-02,-2.613030560314655304e-02,-4.854219555854797363e-01,2.714941203594207764e-01,1.284157931804656982e-01,-1.409087562933564186e-03,-7.655068486928939819e-02,1.109313368797302246e-01,9.201702475547790527e-02,-2.896587736904621124e-02,1.607801169157028198e-01,2.039125189185142517e-02,-7.556966692209243774e-02,-2.912144549190998077e-02,-3.045427985489368439e-02,-2.208729647099971771e-02,1.624327898025512695e-01,7.945165783166885376e-02,-1.391735821962356567e-01,-6.092924624681472778e-02,2.537148892879486084e-01,-1.681769639253616333e-01,3.611833229660987854e-02,1.435534805059432983e-01,1.337409298866987228e-02,-1.934837549924850464e-01,-3.141019493341445923e-02,-1.922381669282913208e-01,-8.999168872833251953e-02,-9.919844567775726318e-02,9.086383134126663208e-02,-7.570271939039230347e-02,-9.608175605535507202e-02,1.023163273930549622e-01,-2.722649835050106049e-02,-1.977639347314834595e-01,4.296366497874259949e-02,2.898287028074264526e-02,-1.384962797164916992e-01,-7.643629610538482666e-02,-1.178927719593048096e-01,4.168798401951789856e-02,-1.379447430372238159e-01,-1.195056959986686707e-01,-6.495608389377593994e-02,-1.183706820011138916e-01,4.048576951026916504e-02,-6.082642450928688049e-02,-1.964293792843818665e-02,-7.370288670063018799e-02,1.063960511237382889e-02,1.400837004184722900e-01,1.347858756780624390e-01,-2.367778271436691284e-01,-8.628726750612258911e-02,1.292178779840469360e-01,-1.784445717930793762e-02,-1.113706454634666443e-01,2.819306030869483948e-02,-8.980243653059005737e-02,9.715254604816436768e-02,2.887001447379589081e-02,7.030404359102249146e-02,-2.519091069698333740e-01,1.503011584281921387e-02,-7.199536263942718506e-02,2.383389025926589966e-01,2.556834556162357330e-02,1.629299372434616089e-01,-1.833399385213851929e-02,-1.077802181243896484e-01,2.644370496273040771e-02,-7.137174159288406372e-02,-1.882907450199127197e-01,-1.012832392007112503e-02,8.093925565481185913e-02,1.205221489071846008e-01,8.589301258325576782e-02,-3.241849318146705627e-02,2.984916791319847107e-02,5.901674926280975342e-02,-2.239762693643569946e-01,7.895885407924652100e-02,-2.149573415517807007e-01,-8.190586417913436890e-02,-3.989123553037643433e-02,-1.710141748189926147e-01,-1.543377190828323364e-01,5.822388827800750732e-02,-6.655948609113693237e-02,-3.040284384042024612e-03,6.515225395560264587e-03,1.674597710371017456e-02,2.004434727132320404e-02,-5.623691529035568237e-02,5.214071646332740784e-02,1.976017057895660400e-01,5.771536752581596375e-02,1.116745024919509888e-01,5.346221476793289185e-02,-2.381116598844528198e-01,1.195944175124168396e-01,1.177850887179374695e-01,9.549516439437866211e-02,-1.155015230178833008e-01,-3.585606068372726440e-02,-1.598978340625762939e-01,-7.382613420486450195e-02,9.244506061077117920e-02,2.684738487005233765e-02,-4.150569811463356018e-02,1.519472599029541016e-01,-4.654030781239271164e-03,9.404349327087402344e-02,-4.122030735015869141e-02,-7.630652189254760742e-02,-4.206981975585222244e-04,-2.444122359156608582e-02,-1.236234605312347412e-01,1.772783398628234863e-01,-1.138740703463554382e-01,8.874173462390899658e-02,-5.555529519915580750e-02,-7.609055936336517334e-02,4.278215765953063965e-02,9.837640821933746338e-02,-2.481810450553894043e-01,-4.027045797556638718e-03,-1.385729163885116577e-01,-4.342333972454071045e-02,2.582482695579528809e-01,2.567781135439872742e-02,-4.331650584936141968e-02,2.319239825010299683e-01,1.673072576522827148e-01,2.242906764149665833e-02,-8.507359027862548828e-02,-5.236101150512695312e-02,4.828238114714622498e-02,2.461887151002883911e-01,2.194561995565891266e-02,-1.093629300594329834e-01,-3.112363256514072418e-02,1.431594043970108032e-02,-1.838685420807451010e-04,2.554722875356674194e-02,-5.093545094132423401e-02,2.170852757990360260e-02,2.397026866674423218e-02,5.963274091482162476e-02,9.179469197988510132e-02,-1.023556366562843323e-01,1.040234193205833435e-01,1.527491807937622070e-01,8.824209123849868774e-02,1.091008447110652924e-02,-1.495276689529418945e-01,2.198087051510810852e-02,-8.754681050777435303e-02,3.626247122883796692e-02,2.744127213954925537e-01,1.481478363275527954e-01,-2.322765626013278961e-02,5.455790460109710693e-02,-9.636253863573074341e-02,-4.236573725938796997e-02
-2.523582875728607178e-01,1.483010202646255493e-01,-1.863538622856140137e-01,-7.580894976854324341e-02,5.534636438824236393e-04,-3.600665181875228882e-02,-8.850286714732646942e-03,1.574272289872169495e-02,-6.642805784940719604e-02,-1.082106865942478180e-02,-2.802719175815582275e-01,1.204594597220420837e-01,1.436812281608581543e-01,-2.681840769946575165e-02,-1.151473820209503174e-01,-1.288648247718811035e-01,-3.524610996246337891e-01,1.390811949968338013e-01,-3.792149573564529419e-02,-2.944334149360656738e-01,1.542883217334747314e-01,8.529184013605117798e-02,-8.676807582378387451e-02,4.794611036777496338e-02,-2.537110447883605957e-01,-1.202771216630935669e-01,-4.936096072196960449e-01,1.692851185798645020e-01,2.227075248956680298e-01,3.873079642653465271e-02,6.413642317056655884e-02,3.396049886941909790e-02,-1.635987907648086548e-01,2.676840424537658691e-01,2.641249001026153564e-01,-1.878256350755691528e-01,2.141978442668914795e-01,1.527330279350280762e-01,1.719026863574981689e-01,1.265473570674657822e-02,-5.672081187367439270e-02,-9.404200315475463867e-02,-6.716543436050415039e-02,2.156763523817062378e-02,-1.058166399598121643e-01,-2.148504406213760376e-01,-1.420528739690780640e-01,-4.266181588172912598e-02,1.197761818766593933e-01,6.778160482645034790e-02,1.923461854457855225e-01,1.994028687477111816e-01,-1.072236970067024231e-01,2.990332804620265961e-02,1.452907826751470566e-02,-4.934387281537055969e-02,3.633320739027112722e-04,-4.210620652884244919e-03,2.254151850938796997e-01,9.178788959980010986e-02,-2.474972605705261230e-02,1.590017825365066528e-01,9.730963408946990967e-02,-1.433229297399520874e-01,-1.755026876926422119e-01,-6.264295428991317749e-02,-3.291211426258087158e-01,-1.485997289419174194e-01,1.664628088474273682e-01,1.083156559616327286e-02,-7.554592937231063843e-02,1.050236299633979797e-01,-1.577707082033157349e-01,-6.006091088056564331e-02,-2.299937605857849121e-01,-1.027038171887397766e-01,-2.412406653165817261e-01,-1.591813564300537109e-01,3.852798417210578918e-02,-5.355721712112426758e-02,-2.346397340297698975e-01,-2.000368088483810425e-01,-1.553642004728317261e-01,-5.051424261182546616e-03,-8.556254953145980835e-02,-3.182843923568725586e-01,2.533960714936256409e-02,-3.634170070290565491e-02,-6.393470615148544312e-02,1.491048559546470642e-02,-1.432257592678070068e-01,-6.298037478700280190e-04,-1.087872013449668884e-01,-6.773534417152404785e-02,-2.949343435466289520e-02,-3.909773230552673340e-01,1.872511357069015503e-01,1.323181390762329102e-01,3.039552569389343262e-01,9.626262634992599487e-02,-1.111740618944168091e-01,-2.015615403652191162e-01,1.054158657789230347e-01,-2.602805010974407196e-02,5.895462818443775177e-03,-8.775670081377029419e-02,7.196424994617700577e-03,-2.496707290410995483e-01,-1.327392179518938065e-02,7.481693476438522339e-02,-6.953075993806123734e-03,-2.685903608798980713e-01,1.483036428689956665e-01,-1.687844097614288330e-02,6.380760669708251953e-02,-2.877784706652164459e-02,1.126788035035133362e-01,-1.488979905843734741e-01,-1.601461917161941528e-01,-6.507948786020278931e-02,-6.611496955156326294e-02,1.247163861989974976e-01,8.874628692865371704e-02,-1.755893528461456299e-01,-2.032673954963684082e-01,3.662575036287307739e-02,-5.448760837316513062e-02,-4.469292238354682922e-02,-1.169742718338966370e-01,1.627336814999580383e-02,2.170180156826972961e-02,6.200218573212623596e-02,-9.041099250316619873e-02,-1.108530238270759583e-01,-2.443002015352249146e-01,1.976175308227539062e-01,1.840423196554183960e-01,-4.549577832221984863e-02,6.490139756351709366e-03,1.791640669107437134e-01,-5.570968985557556152e-02,5.921306833624839783e-02,5.895560979843139648e-02,-2.241616398096084595e-01,-1.472309529781341553e-01,1.992165483534336090e-02,-5.682879313826560974e-02,1.319644898176193237e-01,9.697385877370834351e-02,-1.004485934972763062e-01,-2.904420495033264160e-01,-6.043167039752006531e-02,-8.534329384565353394e-02,-2.990574017167091370e-02,-6.955171376466751099e-02,-1.551563590764999390e-01,3.744584023952484131e-01,1.955616772174835205e-01,1.125854477286338806e-01,-2.920954525470733643e-01,5.543971434235572815e-02,3.386847674846649170e-03,-1.399444043636322021e-02,2.321387454867362976e-02,2.019515447318553925e-02,-3.955838382244110107e-01,-2.938726730644702911e-02,-4.050371644552797079e-04,-1.265075355768203735e-01,-7.898865640163421631e-02,-2.108284235000610352e-01,-3.092498779296875000e-01,-1.676160395145416260e-01,1.583391129970550537e-01,2.480045109987258911e-01,-2.380728535354137421e-02,-1.123652830719947815e-01,-6.352146714925765991e-02,-2.435601875185966492e-02,-1.477369070053100586e-01,-1.123037934303283691e-01,-2.447046786546707153e-01,-4.513672739267349243e-02,-2.266956418752670288e-01,1.366772800683975220e-01,-6.213834881782531738e-02,3.435065969824790955e-02,-1.557409912347793579e-01,-9.495846182107925415e-02,-1.018105521798133850e-01,7.443353533744812012e-02,-2.741507887840270996e-01,-1.882671378552913666e-02,-1.298102084547281265e-02,2.413325905799865723e-01,2.931621670722961426e-01,-6.856104731559753418e-02,-2.218911610543727875e-02,-3.612701967358589172e-02,-2.591461837291717529e-01,-8.659374713897705078e-02,2.544016391038894653e-02,5.193355679512023926e-02,-1.175272092223167419e-01,-2.810026705265045166e-01,8.747430145740509033e-02,1.600209772586822510e-01,-1.155051812529563904e-01,-9.869234263896942139e-02,1.252801567316055298e-01,-1.204249635338783264e-02,-5.288325995206832886e-02,-1.114845946431159973e-01,-3.135004937648773193e-01,1.129627451300621033e-01,-3.205211758613586426e-01,-2.100543975830078125e-01,-2.102422155439853668e-02,3.187673911452293396e-02,-2.083292752504348755e-01,1.379112899303436279e-01,3.281955048441886902e-02,1.757421195507049561e-01,-2.892433479428291321e-02,2.492636628448963165e-02,3.864144906401634216e-02,-5.397682636976242065e-02,-1.104338765144348145e-01,-1.232897788286209106e-01,-2.962549328804016113e-01,-1.231465339660644531e-01,-2.290292084217071533e-01,-1.783050745725631714e-01,-7.874299585819244385e-02,1.334938034415245056e-02,2.418593876063823700e-02,-5.295509472489356995e-02,-1.251192986965179443e-01,-1.085164546966552734e-01,-6.524454057216644287e-02,-5.396821722388267517e-02,-4.590340331196784973e-02,-2.221603542566299438e-01,-3.224232792854309082e-02,-2.414410561323165894e-01,-4.276332631707191467e-02,-1.109223067760467529e-01,-1.338002234697341919e-01,-2.623923718929290771e-01,-9.292457252740859985e-02,-1.661736369132995605e-01,-3.457471132278442383e-01,-1.971648782491683960e-01,1.671151518821716309e-01,-2.255259640514850616e-02,-1.680532395839691162e-01
2.996090613305568695e-02,-2.391431666910648346e-02,-1.635939776897430420e-01,1.140775457024574280e-01,-2.326469719409942627e-01,-1.352376639842987061e-01,-3.350897505879402161e-02,-4.621864762157201767e-03,-5.212071910500526428e-02,-2.946123778820037842e-01,4.605282470583915710e-02,-1.015196554362773895e-02,-3.758154809474945068e-01,3.311599791049957275e-01,-1.781819202005863190e-02,9.630832076072692871e-02,6.049514561891555786e-02,-3.079166114330291748e-01,3.948719054460525513e-02,3.135203942656517029e-02,-3.939191997051239014e-02,1.540377885103225708e-01,1.040474623441696167e-01,2.994826138019561768e-01,2.558307647705078125e-01,-2.096900194883346558e-01,1.051191613078117371e-01,1.343361288309097290e-02,-3.293577730655670166e-01,1.616811156272888184e-01,1.422972977161407471e-01,2.121180444955825806e-01,-1.933133602142333984e-01,-2.270807027816772461e-01,6.230124272406101227e-03,-3.204166144132614136e-02,1.581510305404663086e-01,1.452109515666961670e-01,-2.929295040667057037e-02,2.823238074779510498e-01,4.692917689681053162e-02,-3.360766544938087463e-02,1.771204546093940735e-02,9.650358557701110840e-02,-8.212499320507049561e-02,1.761385947465896606e-01,2.852765321731567383e-01,1.216025128960609436e-01,-3.161297440528869629e-01,-1.567789465188980103e-01,-1.500101834535598755e-01,-8.999744802713394165e-02,2.074775546789169312e-01,3.010828197002410889e-01,-3.478378802537918091e-02,3.107204735279083252e-01,1.731333881616592407e-01,5.559122562408447266e-02,-1.371389776468276978e-01,-1.428907066583633423e-01,3.690241370350122452e-03,-7.189789414405822754e-02,1.315875053405761719e-01,-1.127289384603500366e-01,-7.096204161643981934e-02,6.561871268786489964e-04,1.555987447500228882e-01,-1.257761567831039429e-01,-7.969292998313903809e-02,-7.114610075950622559e-02,-3.543231263756752014e-02,8.302855491638183594e-02,5.468493700027465820e-02,-8.572763949632644653e-02,-6.138814985752105713e-02,-1.038005352020263672e-01,-6.016565114259719849e-02,-1.372041851282119751e-01,-1.637990474700927734e-01,9.569760411977767944e-02,3.545670211315155029e-02,-9.484302252531051636e-02,-8.025562763214111328e-02,2.419256605207920074e-02,1.522337496280670166e-01,6.149747874587774277e-03,-1.618288010358810425e-01,-8.339013904333114624e-02,1.839138194918632507e-02,2.571094036102294922e-02,1.204241905361413956e-02,5.084277130663394928e-03,5.199944600462913513e-02,4.760234430432319641e-02,-1.987785473465919495e-02,7.849105447530746460e-02,-4.889829829335212708e-02,2.760870382189750671e-02,-7.628014683723449707e-02,1.161715853959321976e-02,1.037735026329755783e-02,1.158582642674446106e-01,-1.349234282970428467e-01,4.771691188216209412e-02,-1.825571409426629543e-03,1.340280920267105103e-01,-7.409390807151794434e-02,-1.163750886917114258e-01,-1.200771480798721313e-01,-3.207350894808769226e-02,2.073849737644195557e-01,7.606668770313262939e-02,-1.637739688158035278e-01,-2.436498105525970459e-01,-6.750351190567016602e-02,3.710583224892616272e-02,-2.519493103027343750e-01,6.002676114439964294e-02,2.840019464492797852e-01,-3.956542909145355225e-02,8.231288194656372070e-02,1.549924463033676147e-01,1.337623000144958496e-01,-1.226872801780700684e-01,-4.952123761177062988e-02,-2.482462972402572632e-01,4.006134346127510071e-02,1.444100122898817062e-02,5.972536280751228333e-02,9.020790457725524902e-02,-4.874220117926597595e-02,-8.764404803514480591e-02,-9.856829792261123657e-02,1.103079319000244141e-01,-5.293521285057067871e-02,-1.034679263830184937e-01,-1.721692234277725220e-01,2.932060062885284424e-01,-1.590543538331985474e-01,-4.862857237458229065e-02,2.933152914047241211e-01,-3.904118239879608154e-01,-1.792226433753967285e-01,1.116273328661918640e-01,2.448798343539237976e-02,3.778154728934168816e-03,-5.391300469636917114e-02,1.882798783481121063e-02,-1.595882140100002289e-02,8.402328193187713623e-02,1.086814422160387039e-02,-1.578920036554336548e-01,-1.869587153196334839e-01,2.705473080277442932e-02,-1.607003509998321533e-01,2.039050916209816933e-03,-1.428510844707489014e-01,-7.490274310111999512e-02,-5.534740537405014038e-02,5.779302492737770081e-02,-3.202028945088386536e-02,2.254749387502670288e-01,-5.938646569848060608e-02,4.781131073832511902e-02,-1.082715205848217010e-02,-1.869569718837738037e-01,7.700596749782562256e-02,-2.406237274408340454e-01,2.334558218717575073e-02,-7.300914078950881958e-02,1.027637571096420288e-01,-6.443548202514648438e-02,6.009021028876304626e-02,7.140565663576126099e-02,9.187898784875869751e-02,-3.714164346456527710e-02,1.645816415548324585e-01,1.720511764287948608e-01,3.491648137569427490e-01,-3.038985095918178558e-02,-5.399186611175537109e-01,-1.023735478520393372e-01,-2.535774409770965576e-01,-3.003205060958862305e-01,8.516354113817214966e-02,1.563879698514938354e-01,-9.422533959150314331e-02,-2.806035578250885010e-01,-3.803123906254768372e-02,6.286831945180892944e-02,2.698306441307067871e-01,-1.003418937325477600e-01,-1.312112510204315186e-01,-2.939788401126861572e-01,-1.414694339036941528e-01,9.295567125082015991e-02,2.008043415844440460e-02,1.394406110048294067e-01,2.172998897731304169e-02,5.211381986737251282e-02,1.603966951370239258e-01,2.563339471817016602e-01,-7.686783373355865479e-02,1.020502001047134399e-01,-3.877520188689231873e-02,-1.028602272272109985e-01,-5.692983418703079224e-02,-5.321601033210754395e-02,-1.682456880807876587e-01,-7.058407366275787354e-02,-3.794095292687416077e-02,1.320025175809860229e-01,1.555025875568389893e-01,4.839353635907173157e-02,1.361998170614242554e-01,3.510101512074470520e-02,6.109418720006942749e-02,6.411773711442947388e-02,4.615807905793190002e-03,-7.480134814977645874e-02,-1.320141851902008057e-01,4.060092568397521973e-02,-7.530522532761096954e-03,-2.629020810127258301e-01,-1.172099821269512177e-02,1.906974017620086670e-01,-1.077456213533878326e-02,9.894174337387084961e-02,-8.742175996303558350e-02,-1.057185903191566467e-01,-9.691323339939117432e-02,-2.222305536270141602e-01,-1.139928773045539856e-01,-8.666623383760452271e-02,1.006394401192665100e-01,-1.234522610902786255e-01,8.373181521892547607e-02,3.326467797160148621e-02,-1.467051506042480469e-01,5.444009788334369659e-03,1.094691455364227295e-02,5.345977470278739929e-02,-4.274762794375419617e-02,6.730940192937850952e-02,-9.439184516668319702e-02,-2.678619511425495148e-02,-1.108644977211952209e-01,-1.011346429586410522e-01,-1.155249848961830139e-01,5.088456720113754272e-02,6.900222599506378174e-02,1.315601868554949760e-03,1.006558910012245178e-01,6.428136676549911499e-02,-1.897243261337280273e-01,-6.622856855392456055e-02
6.479648500680923462e-02,1.137376576662063599e-01,-1.166955530643463135e-01,1.481826305389404297e-01,-3.890079259872436523e-01,-2.609779126942157745e-02,-1.446280628442764282e-01,-2.460152208805084229e-01,-2.354221045970916748e-01,1.428766101598739624e-01,2.160673588514328003e-01,-3.340823352336883545e-01,-1.430351734161376953e-01,-2.847901545464992523e-02,-6.988511979579925537e-02,-4.853345081210136414e-02,1.926917433738708496e-01,6.814168393611907959e-02,-8.826038986444473267e-02,-1.168964877724647522e-01,-1.609174311161041260e-01,-1.373919397592544556e-01,-3.815656304359436035e-01,-1.485620588064193726e-01,2.562565207481384277e-01,-2.307113958522677422e-03,-1.080852895975112915e-01,-1.591295450925827026e-01,2.501626871526241302e-02,-1.092835292220115662e-01,4.868054017424583435e-02,-1.428293436765670776e-01,-6.712193135172128677e-03,-3.314093127846717834e-02,8.097855746746063232e-02,-4.859342426061630249e-02,-4.465453028678894043e-01,-1.624832302331924438e-01,-1.021322682499885559e-01,1.334288716316223145e-01,-4.909730702638626099e-02,5.746480077505111694e-02,-3.013804182410240173e-02,-8.277715742588043213e-02,3.521241247653961182e-02,-5.817865952849388123e-02,-8.153103291988372803e-03,-1.473051011562347412e-01,1.555656734853982925e-02,7.091423869132995605e-02,6.754889339208602905e-02,-3.577821329236030579e-02,-2.245911806821823120e-01,-6.192187312990427017e-03,-3.756753504276275635e-01,3.825888410210609436e-02,-1.344977766275405884e-01,2.058691680431365967e-01,1.803431361913681030e-01,-2.162820287048816681e-02,-8.387654274702072144e-02,-1.071731746196746826e-01,8.155240677297115326e-03,1.331168264150619507e-01,3.198998048901557922e-02,-3.008182644844055176e-01,1.009687315672636032e-02,-8.589166216552257538e-03,-6.452371925115585327e-02,2.641603350639343262e-01,-6.324418820440769196e-03,3.741028159856796265e-02,-6.515363603830337524e-02,4.733711853623390198e-02,4.454984888434410095e-02,-1.049712523818016052e-01,-6.249759718775749207e-02,-2.443668246269226074e-01,1.473234407603740692e-02,1.386114507913589478e-01,4.518276453018188477e-02,-3.198219835758209229e-01,-4.870041832327842712e-02,1.030536070466041565e-01,3.857232630252838135e-01,1.466139703989028931e-01,7.613659650087356567e-02,-2.065713852643966675e-01,1.442799270153045654e-01,-1.164154037833213806e-01,6.316874176263809204e-02,1.182527169585227966e-01,-7.042055577039718628e-02,-1.955036073923110962e-01,2.712731622159481049e-02,1.555405259132385254e-01,-1.977835297584533691e-01,6.575700640678405762e-02,5.543301999568939209e-02,-4.979939758777618408e-02,1.967861950397491455e-01,1.376210898160934448e-01,-2.014122307300567627e-01,-1.383834034204483032e-01,7.571221143007278442e-02,3.198022842407226562e-01,7.070847600698471069e-02,2.290745265781879425e-02,-2.508452236652374268e-01,-1.049172282218933105e-01,1.636543720960617065e-01,-1.801830381155014038e-01,1.068169176578521729e-01,-7.644750177860260010e-02,-3.043769113719463348e-02,-8.380706608295440674e-02,-1.398043632507324219e-01,1.186854317784309387e-01,7.670835405588150024e-02,-1.329324990510940552e-01,-2.074546068906784058e-01,1.235748976469039917e-01,5.711507424712181091e-02,-1.828266121447086334e-02,8.088677376508712769e-02,-9.879486262798309326e-02,2.338843494653701782e-01,3.689077123999595642e-02,-6.249447166919708252e-02,-1.604885235428810120e-02,1.373292058706283569e-01,1.988253295421600342e-01,-8.411129936575889587e-03,8.127664774656295776e-02,-2.040368020534515381e-01,1.504712402820587158e-01,-3.991820663213729858e-02,-1.982309520244598389e-01,6.978848576545715332e-02,-1.025890558958053589e-01,-1.435776501893997192e-01,-1.839800029993057251e-01,-3.658880293369293213e-02,9.098533540964126587e-02,-5.012901499867439270e-02,-1.695191115140914917e-01,1.492660492658615112e-01,3.057066500186920166e-01,1.687985360622406006e-01,-1.160371769219636917e-02,2.121915668249130249e-01,-1.668205112218856812e-02,9.740841388702392578e-02,4.014308564364910126e-03,4.521644487977027893e-02,-4.125001281499862671e-02,8.732240647077560425e-03,1.255219578742980957e-01,1.470509022474288940e-01,2.414742857217788696e-02,-2.860484458506107330e-02,1.442299485206604004e-01,-1.806890666484832764e-01,-1.596569456160068512e-02,2.133062034845352173e-01,6.412295252084732056e-02,-3.341856598854064941e-02,-1.527558565139770508e-01,-1.676028966903686523e-01,-1.508904546499252319e-01,1.081539392471313477e-01,-2.442653328180313110e-01,2.333085983991622925e-01,9.724499285221099854e-02,6.857792288064956665e-02,-1.947963535785675049e-01,2.746847644448280334e-02,1.141268163919448853e-01,-2.394057996571063995e-02,-2.451595067977905273e-01,-1.273475438356399536e-01,-9.229234606027603149e-02,-7.534354180097579956e-02,-1.870772540569305420e-01,-6.550450623035430908e-02,-9.922450035810470581e-02,-1.028195396065711975e-01,-3.497134745121002197e-01,1.025315597653388977e-01,3.888298571109771729e-02,-1.492800265550613403e-01,3.862029407173395157e-03,4.770627245306968689e-02,8.350352197885513306e-02,7.628891617059707642e-02,6.848422437906265259e-02,-1.650681197643280029e-01,-5.344518646597862244e-02,7.528866082429885864e-02,7.200442999601364136e-02,-6.595074385404586792e-02,6.316591799259185791e-02,9.646774828433990479e-02,-1.617594659328460693e-01,-4.577912390232086182e-02,-5.592033639550209045e-02,1.229727547615766525e-02,-1.068587303161621094e-01,7.026767730712890625e-02,9.073925018310546875e-02,-3.159677237272262573e-02,3.964449837803840637e-02,-1.662320792675018311e-01,-1.227674707770347595e-01,-2.129857391119003296e-01,6.699875229969620705e-04,1.022401973605155945e-01,-6.046679243445396423e-02,-4.863066133111715317e-03,1.769757643342018127e-02,1.540108621120452881e-01,3.013131022453308105e-02,-1.496318429708480835e-01,-8.686754852533340454e-02,2.035473436117172241e-01,2.548313736915588379e-01,-1.180000007152557373e-01,-7.519581168889999390e-02,-1.083421707153320312e-01,-2.856330759823322296e-02,-9.645113348960876465e-02,5.223255977034568787e-02,-2.762588858604431152e-01,-3.338660299777984619e-02,2.569870464503765106e-02,9.374429285526275635e-02,5.854897946119308472e-02,-1.839899457991123199e-02,-2.093468606472015381e-01,-4.009218886494636536e-02,-6.531015783548355103e-02,1.186280921101570129e-01,9.611694514751434326e-02,-2.446126565337181091e-02,-2.271185517311096191e-01,1.575258746743202209e-02,-1.957715153694152832e-01,-1.704767793416976929e-01,-1.387782841920852661e-01,7.276917248964309692e-02,-2.565830349922180176e-01,-5.390823259949684143e-02,5.848057568073272705e-02,4.665713384747505188e-02,-8.205929398536682129e-02,-1.438010483980178833e-01
-2.034038901329040527e-01,6.467633694410324097e-02,1.795552112162113190e-02,5.782777070999145508e-02,-3.659089654684066772e-02,1.491574048995971680e-01,6.701323390007019043e-02,4.341552779078483582e-02,3.952330350875854492e-02,4.019974470138549805e-01,1.019687354564666748e-01,-1.716556102037429810e-01,2.519296705722808838e-01,-3.100594282150268555e-01,-1.094138398766517639e-01,-5.550266429781913757e-02,9.947693347930908203e-02,5.095560476183891296e-02,2.403145879507064819e-01,5.446238815784454346e-02,-1.167054101824760437e-01,-2.884569577872753143e-02,-1.559477299451828003e-02,-2.569123506546020508e-01,-1.845519691705703735e-01,2.415542751550674438e-01,-1.951880194246768951e-02,-1.670723035931587219e-02,2.830199599266052246e-01,-2.620523869991302490e-01,-2.778684906661510468e-02,-1.596446931362152100e-01,1.841623038053512573e-01,1.751637086272239685e-02,-9.952790290117263794e-02,9.790199110284447670e-04,-1.978417336940765381e-01,-2.177321016788482666e-01,-1.750184148550033569e-01,-2.886865437030792236e-01,-2.956200204789638519e-02,1.080413684248924255e-01,1.049631088972091675e-02,-1.359775960445404053e-01,6.077643483877182007e-02,-2.335201501846313477e-01,-1.878949850797653198e-01,-2.936579287052154541e-01,2.278522998094558716e-01,1.201724037528038025e-01,1.788586974143981934e-01,1.022847592830657959e-01,-4.273061156272888184e-01,-3.583789467811584473e-01,-2.307465672492980957e-01,-3.835273385047912598e-01,4.241753369569778442e-02,9.560696780681610107e-02,1.290559321641921997e-01,-9.839405119419097900e-02,3.844545036554336548e-02,-4.830989614129066467e-02,-1.824917197227478027e-01,-8.701224625110626221e-02,-9.690824151039123535e-02,3.211960196495056152e-02,1.455699950456619263e-01,2.711633443832397461e-01,-9.916063398122787476e-02,9.807150065898895264e-02,1.651117764413356781e-02,-1.620654910802841187e-01,2.365620806813240051e-03,3.508612513542175293e-01,1.262830942869186401e-01,2.317393757402896881e-02,-5.607376620173454285e-02,-1.308888792991638184e-01,1.144489571452140808e-01,-2.567739225924015045e-02,1.883956491947174072e-01,9.717903286218643188e-02,-8.901157975196838379e-02,2.452688813209533691e-01,-5.251328647136688232e-02,1.284833103418350220e-01,1.172678098082542419e-01,-4.872913938015699387e-03,-8.014591038227081299e-02,1.055455058813095093e-01,-2.391109056770801544e-02,-1.608809977769851685e-01,1.241873502731323242e-01,4.928950592875480652e-02,-5.154290422797203064e-02,1.632527858018875122e-01,1.387449055910110474e-01,-1.163727939128875732e-01,9.028968214988708496e-02,-2.931419014930725098e-01,1.109858974814414978e-01,6.258597224950790405e-02,2.373900562524795532e-01,-1.510842889547348022e-01,-1.627152711153030396e-01,4.556329920887947083e-02,-8.080977201461791992e-02,1.885654628276824951e-01,-1.612201482057571411e-01,-9.246093779802322388e-02,-1.400726288557052612e-01,1.261770445853471756e-02,1.840670555830001831e-01,-1.314991340041160583e-02,1.094012483954429626e-01,1.384371221065521240e-01,2.267867140471935272e-02,-1.727562844753265381e-01,-2.214824408292770386e-01,-4.838828444480895996e-01,-2.484138458967208862e-01,3.950354829430580139e-02,1.638724505901336670e-01,1.782708317041397095e-01,9.407234936952590942e-02,-3.811124712228775024e-02,-1.364348530769348145e-01,4.853567108511924744e-02,-1.179929152131080627e-01,1.626325398683547974e-01,3.989474475383758545e-02,3.152556717395782471e-01,6.102956831455230713e-02,1.129451617598533630e-01,9.685871750116348267e-02,-2.805482409894466400e-02,8.795610815286636353e-02,1.070900261402130127e-01,-1.111799851059913635e-01,1.792226284742355347e-01,1.833716928958892822e-01,2.209177315235137939e-01,1.588572561740875244e-01,-1.235422790050506592e-01,-1.256756633520126343e-01,-3.658886998891830444e-02,-1.674532145261764526e-01,-3.085038624703884125e-02,1.202204376459121704e-01,1.204477995634078979e-01,1.337338685989379883e-01,5.054349452257156372e-02,2.318537682294845581e-01,-1.649740934371948242e-01,-9.922444587573409081e-04,1.802438348531723022e-01,6.462461501359939575e-02,-9.881695359945297241e-02,-1.115850284695625305e-01,7.420973386615514755e-03,1.314447671175003052e-01,-1.214562542736530304e-02,-1.746505498886108398e-03,-1.050390526652336121e-01,2.645896673202514648e-01,-2.742854878306388855e-02,4.231285303831100464e-02,-9.454464912414550781e-02,-1.040370091795921326e-01,-1.236651465296745300e-01,-1.878500543534755707e-02,5.936373025178909302e-02,-7.955281436443328857e-02,-2.341225743293762207e-02,-8.801348507404327393e-02,-3.053882531821727753e-02,7.003896683454513550e-02,-1.680263727903366089e-01,4.177204146981239319e-02,-3.416678309440612793e-02,2.347219884395599365e-01,1.510272473096847534e-01,5.320433899760246277e-02,-2.155508846044540405e-02,1.242513507604598999e-01,-1.242904514074325562e-01,4.183774814009666443e-02,2.728204727172851562e-01,-1.478094491176307201e-03,-1.085907407104969025e-02,-1.388404965400695801e-01,2.734551392495632172e-02,-2.747454680502414703e-02,1.438977569341659546e-01,-2.867690473794937134e-02,-9.380849078297615051e-03,9.975314885377883911e-02,-1.300982832908630371e-01,-8.284319192171096802e-04,-6.452515721321105957e-02,1.017886027693748474e-01,-1.334872841835021973e-01,1.144923195242881775e-01,-9.775063395500183105e-02,5.038109049201011658e-02,-5.543146980926394463e-04,4.613381624221801758e-02,-1.914029195904731750e-02,-4.691354557871818542e-02,1.045875772833824158e-01,4.922067001461982727e-02,4.268500953912734985e-02,-9.321874380111694336e-02,1.230464223772287369e-02,-8.236497640609741211e-02,1.926717534661293030e-02,-2.386553445830941200e-03,-1.064637899398803711e-01,1.645187884569168091e-01,-1.900549083948135376e-01,6.675156205892562866e-02,-8.174570277333259583e-03,-2.400874346494674683e-02,-9.298024326562881470e-02,9.608757495880126953e-02,1.796835809946060181e-01,1.620291322469711304e-01,-2.531774342060089111e-01,-3.498271340504288673e-03,-7.076561916619539261e-03,-1.070101279765367508e-02,-1.883239112794399261e-02,1.876187175512313843e-01,-2.392617464065551758e-01,1.991258002817630768e-03,-2.642888724803924561e-01,-1.304494142532348633e-01,-1.344232559204101562e-01,5.480874702334403992e-02,-5.736021324992179871e-02,3.013598918914794922e-01,-1.530386656522750854e-01,-2.898226380348205566e-01,-2.155328392982482910e-01,1.701183021068572998e-01,1.401109620928764343e-02,-7.351483404636383057e-02,-8.577238023281097412e-02,-4.631594941020011902e-02,-9.785241633653640747e-02,1.349114999175071716e-02,-1.751216948032379150e-01,1.791474819183349609e-01,-2.319235950708389282e-01,-1.469300687313079834e-01,3.583770245313644409e-02
-1.382897645235061646e-01,3.873777389526367188e-01,-4.608769342303276062e-02,2.039981447160243988e-02,8.750516176223754883e-02,-3.007757067680358887e-01,-4.028385281562805176e-01,1.798139512538909912e-02,-8.554648607969284058e-02,-1.000319197773933411e-01,-1.611642241477966309e-01,-1.490229964256286621e-01,-3.259322941303253174e-01,4.496865347027778625e-02,1.756258010864257812e-01,-1.407286822795867920e-01,9.272304363548755646e-03,2.251212894916534424e-01,-2.822750620543956757e-02,4.581338539719581604e-02,1.510902540758252144e-03,-2.596250176429748535e-01,-1.070131920278072357e-02,-2.002691477537155151e-01,-1.173093169927597046e-01,-1.578429527580738068e-02,-8.691741526126861572e-02,-1.599217355251312256e-01,-5.327936261892318726e-02,8.695521391928195953e-03,1.077810376882553101e-01,3.196212276816368103e-02,3.351742774248123169e-02,3.802834749221801758e-01,1.913702934980392456e-01,1.295702606439590454e-01,-2.179928123950958252e-01,6.989144533872604370e-02,1.012010350823402405e-01,-2.668472230434417725e-01,-4.587550461292266846e-02,5.700166895985603333e-02,-3.398462757468223572e-02,-1.214267089962959290e-01,1.813434809446334839e-02,1.632384657859802246e-01,1.699662357568740845e-01,-5.185036920011043549e-03,1.577318906784057617e-01,7.162804156541824341e-02,2.023923024535179138e-02,-7.714038342237472534e-02,3.697826340794563293e-02,3.024500608444213867e-01,8.791048824787139893e-02,-7.804064080119132996e-03,1.719165891408920288e-01,-2.689792029559612274e-02,-1.244915723800659180e-01,4.558887332677841187e-02,1.145268157124519348e-01,-1.717458851635456085e-02,1.182573754340410233e-02,-5.459767952561378479e-02,9.907529503107070923e-02,2.909669280052185059e-01,7.103126496076583862e-02,1.445483416318893433e-01,-2.425646036863327026e-02,-2.801907360553741455e-01,-4.969073832035064697e-01,-2.291551083326339722e-01,2.914507128298282623e-02,-1.256009787321090698e-01,1.211438328027725220e-01,-1.134331226348876953e-01,-3.602952659130096436e-01,2.016055583953857422e-01,-3.679732605814933777e-02,-2.562479078769683838e-01,-8.966862410306930542e-02,1.390752047300338745e-01,-9.700647555291652679e-03,4.200398549437522888e-02,-2.865446507930755615e-01,-5.437627434730529785e-01,5.964707583189010620e-02,-1.710494607686996460e-01,-1.625518947839736938e-01,1.743782609701156616e-01,1.422442216426134109e-02,-1.332703977823257446e-01,-1.052296906709671021e-02,2.634341269731521606e-02,-1.766215562820434570e-01,-1.089242398738861084e-01,-5.374838411808013916e-02,1.420367658138275146e-01,1.134055852890014648e-01,2.530038952827453613e-01,-1.006663218140602112e-02,2.190241403877735138e-02,3.194214031100273132e-02,9.604500979185104370e-02,-6.664638966321945190e-02,1.123657729476690292e-02,-4.564304277300834656e-02,3.379448875784873962e-02,1.144633442163467407e-01,6.007037311792373657e-02,-2.438254803419113159e-01,-1.761665940284729004e-01,7.911293953657150269e-02,-7.178466767072677612e-02,5.906550586223602295e-02,-1.886539757251739502e-01,1.386963296681642532e-02,7.836012518964707851e-04,-1.066241711378097534e-01,1.635598540306091309e-01,1.572689712047576904e-01,2.284290082752704620e-02,-1.549427360296249390e-01,1.201012507081031799e-01,3.944649919867515564e-02,-1.864098161458969116e-01,-7.470715790987014771e-02,9.251590073108673096e-02,1.598301529884338379e-01,1.038492247462272644e-01,9.817548096179962158e-02,-7.721426337957382202e-02,-2.495272457599639893e-01,-1.385544310323894024e-03,-2.694540321826934814e-01,-1.553980261087417603e-01,6.554114073514938354e-02,-1.541371792554855347e-01,1.960955411195755005e-01,2.323777042329311371e-02,1.441395431756973267e-01,-8.898197859525680542e-02,-1.106179878115653992e-01,-9.727077931165695190e-02,-8.197376132011413574e-02,-1.327273063361644745e-02,-2.130254060029983521e-01,-1.562633812427520752e-01,-1.690405905246734619e-01,-2.967743575572967529e-01,-2.793512046337127686e-01,-1.131223514676094055e-01,1.214746981859207153e-01,1.587762683629989624e-01,1.684461534023284912e-01,-5.497543141245841980e-02,2.106127440929412842e-01,-3.843796625733375549e-02,-7.833503186702728271e-02,-9.751689434051513672e-02,1.430577784776687622e-01,1.165575981140136719e-01,-6.551783531904220581e-02,-8.706878870725631714e-04,2.194256521761417389e-02,-3.344903141260147095e-02,-2.637368142604827881e-01,1.145534664392471313e-01,9.054718911647796631e-02,1.516903489828109741e-01,-2.196016460657119751e-01,-2.181432098150253296e-01,3.260285779833793640e-02,-3.003510646522045135e-02,-1.828679116442799568e-03,1.881916224956512451e-01,-8.485839702188968658e-03,-1.679707691073417664e-02,8.507304638624191284e-02,1.678323559463024139e-02,-1.628764271736145020e-01,-1.278089582920074463e-01,-3.796876370906829834e-01,1.772141084074974060e-02,1.211433112621307373e-01,2.940673194825649261e-02,-1.552016586065292358e-01,-9.245004504919052124e-02,-1.329515129327774048e-01,1.177859157323837280e-01,1.100517213344573975e-01,2.991223037242889404e-01,1.481100171804428101e-01,-1.294564604759216309e-01,8.043213933706283569e-02,-1.852451711893081665e-01,1.726204305887222290e-01,2.298481464385986328e-01,-2.301622880622744560e-03,-9.160731919109821320e-03,7.835962623357772827e-02,1.031582728028297424e-01,-4.698738455772399902e-02,2.916762314271181822e-04,1.125637739896774292e-01,-1.236535385251045227e-01,-1.667015105485916138e-01,-4.651797935366630554e-02,2.030750811100006104e-01,-2.587186098098754883e-01,-2.726633474230766296e-02,-2.290298193693161011e-01,1.818764358758926392e-01,8.326227962970733643e-02,-7.967358082532882690e-02,-6.287854164838790894e-02,4.220422357320785522e-02,-3.757337853312492371e-02,-3.721351921558380127e-02,1.494510173797607422e-01,2.158922255039215088e-01,7.955860346555709839e-02,-3.999298438429832458e-02,-4.581209644675254822e-02,-3.320428431034088135e-01,7.813104242086410522e-02,-1.647083759307861328e-01,-1.223701834678649902e-01,3.558946400880813599e-02,-9.013751894235610962e-02,-2.547900751233100891e-02,-1.242688670754432678e-01,1.334676742553710938e-01,1.807837188243865967e-01,-1.074675321578979492e-01,4.321370646357536316e-02,-1.571074277162551880e-01,-8.537857979536056519e-02,1.500711888074874878e-01,-3.690390614792704582e-03,-9.466101974248886108e-02,-9.575073607265949249e-03,-1.228651702404022217e-01,-1.113845109939575195e-01,1.055526882410049438e-01,-1.649734005331993103e-02,2.994096465408802032e-02,5.407060496509075165e-03,1.872204244136810303e-01,-1.265415102243423462e-01,-1.086148545145988464e-01,5.517144501209259033e-02,-1.286374032497406006e-02,1.453918218612670898e-01,1.490649431943893433e-01,-4.154545441269874573e-02
1.080544069409370422e-01,8.185103535652160645e-02,1.243776008486747742e-01,-3.622176591306924820e-03,2.582721039652824402e-02,3.446717187762260437e-02,1.839973330497741699e-01,-2.416088990867137909e-02,9.378707967698574066e-03,-7.862865179777145386e-02,-5.089153349399566650e-02,1.740530505776405334e-02,1.859495043754577637e-01,8.211341500282287598e-02,1.637031286954879761e-01,-4.835753887891769409e-02,7.458241283893585205e-02,9.171537309885025024e-02,5.456425994634628296e-02,2.661485224962234497e-02,2.024506032466888428e-01,4.560305550694465637e-02,6.533087790012359619e-02,1.846366003155708313e-02,-1.065639927983283997e-01,-3.898935765027999878e-02,6.851254403591156006e-02,-1.827079057693481445e-02,-1.347221583127975464e-01,8.488742262125015259e-02,1.493286937475204468e-01,1.804621815681457520e-01,-2.242255061864852905e-01,-2.221423834562301636e-01,7.901931181550025940e-03,-2.914353646337985992e-02,3.155524283647537231e-02,1.532976776361465454e-01,7.348098605871200562e-02,4.960294440388679504e-02,-5.117715895175933838e-02,-2.605193555355072021e-01,-4.960368573665618896e-02,1.575800776481628418e-01,-3.399841487407684326e-01,-5.831952393054962158e-02,5.268525704741477966e-02,9.558550268411636353e-02,9.378693252801895142e-02,-9.455807507038116455e-02,3.243295848369598389e-02,-2.203637510538101196e-01,2.445307523012161255e-01,2.602837085723876953e-01,-1.542098671197891235e-01,6.113744899630546570e-02,5.965687334537506104e-02,-9.029010683298110962e-02,1.559430956840515137e-01,1.327320635318756104e-01,-8.164359629154205322e-02,-1.371917277574539185e-01,-8.950376510620117188e-02,1.638644337654113770e-01,-1.672429442405700684e-01,1.499646902084350586e-01,7.167024537920951843e-03,-1.139074787497520447e-01,-9.364888817071914673e-02,-1.156331747770309448e-01,1.038511320948600769e-01,-4.333105310797691345e-02,-3.056753873825073242e-01,1.315683498978614807e-02,-5.594950914382934570e-02,5.814513936638832092e-02,3.811910748481750488e-02,5.582033097743988037e-02,2.133396221324801445e-03,-1.118152495473623276e-02,2.557019330561161041e-02,6.290785968303680420e-02,7.174409180879592896e-02,-7.511717081069946289e-02,-2.791820466518402100e-01,-1.337504833936691284e-01,1.798713579773902893e-02,2.931960113346576691e-02,-1.567355990409851074e-01,-1.096754074096679688e-01,3.292893618345260620e-02,-1.104723066091537476e-01,-1.499317139387130737e-01,1.442427337169647217e-01,-6.034037470817565918e-02,-1.378492712974548340e-01,-1.653895527124404907e-01,-6.523817032575607300e-02,-3.812099248170852661e-02,1.323975026607513428e-01,-1.451071500778198242e-01,9.324891865253448486e-02,-1.388531993143260479e-03,-1.826830357313156128e-01,2.306776940822601318e-01,-7.226071506738662720e-02,-5.986233055591583252e-02,3.162661567330360413e-02,-1.373791247606277466e-01,8.348018862307071686e-03,1.467059254646301270e-01,-1.098125725984573364e-01,3.719848394393920898e-02,1.059400662779808044e-01,1.592902690172195435e-01,2.065666615962982178e-01,-1.258717775344848633e-01,6.007501389831304550e-03,-2.614307403564453125e-01,-2.602241933345794678e-01,1.672323793172836304e-02,-5.809938535094261169e-02,1.599009037017822266e-01,-1.559647917747497559e-01,3.992966376245021820e-03,1.226812228560447693e-01,6.874915212392807007e-02,-2.526179254055023193e-01,-1.091726347804069519e-01,3.617104666773229837e-04,1.028357371687889099e-01,7.371810078620910645e-02,-1.107828617095947266e-01,-9.256326407194137573e-02,1.114632785320281982e-01,-1.177838295698165894e-01,3.553000465035438538e-02,-1.260639280080795288e-01,1.572652608156204224e-01,2.778221480548381805e-02,-3.992074169218540192e-03,1.994603723287582397e-01,-8.276455104351043701e-02,-3.040462359786033630e-02,1.715297549962997437e-01,-4.760085046291351318e-02,8.761810511350631714e-02,8.033127337694168091e-02,1.102059110999107361e-01,-6.888365000486373901e-02,-5.010154098272323608e-02,3.709706291556358337e-02,-1.872966289520263672e-01,-9.947959333658218384e-02,6.666343659162521362e-02,-1.371969282627105713e-01,-1.428776532411575317e-01,7.849574834108352661e-02,-1.060813143849372864e-01,2.022553235292434692e-01,-1.189887002110481262e-01,-5.120438337326049805e-02,-2.930243909358978271e-01,2.513716183602809906e-02,1.329541057348251343e-01,1.883303523063659668e-01,2.666384354233741760e-02,8.634386211633682251e-02,-1.793539226055145264e-01,-9.762227535247802734e-02,-2.655380666255950928e-01,-9.590180963277816772e-02,-2.634810209274291992e-01,6.363970786333084106e-02,2.002836167812347412e-01,1.423638910055160522e-01,-3.336568176746368408e-01,4.040291532874107361e-02,-2.931646704673767090e-01,-2.297097891569137573e-01,2.188407927751541138e-01,-7.072094827890396118e-02,-6.302135996520519257e-03,2.021457403898239136e-01,-2.937040990218520164e-03,-1.678503304719924927e-01,-1.175701394677162170e-01,7.842382043600082397e-02,-2.665845677256584167e-02,-2.050509303808212280e-02,-1.582431644201278687e-01,9.875475615262985229e-02,6.478673312813043594e-03,-7.109786383807659149e-03,-1.430379003286361694e-01,4.259425029158592224e-02,-1.100715771317481995e-01,-9.424166381359100342e-02,-1.074028760194778442e-01,8.973593823611736298e-03,-1.714681684970855713e-01,1.567643135786056519e-01,-9.521827846765518188e-02,1.834178864955902100e-01,1.170883327722549438e-01,7.842881232500076294e-02,-6.669713556766510010e-02,7.575334608554840088e-02,-1.089068502187728882e-01,-2.668282687664031982e-01,1.555634569376707077e-02,-1.203399449586868286e-01,-1.654318869113922119e-01,3.130253031849861145e-02,-1.461695432662963867e-01,3.040775842964649200e-02,1.144319251179695129e-01,2.157235890626907349e-02,-6.184781715273857117e-02,1.343077570199966431e-01,1.523090153932571411e-01,-1.004561930894851685e-01,2.315815724432468414e-02,6.217981874942779541e-02,-3.039639890193939209e-01,-2.386640310287475586e-01,-1.499275416135787964e-01,-2.517566680908203125e-01,-2.101766467094421387e-01,3.445024788379669189e-01,-2.504609525203704834e-01,2.547058463096618652e-01,1.963073313236236572e-01,1.673593968152999878e-01,-9.609541296958923340e-02,7.002492994070053101e-02,-4.444314911961555481e-02,-9.221704304218292236e-02,-2.601526379585266113e-01,4.663593322038650513e-02,-1.199975833296775818e-01,-1.920171976089477539e-01,3.599441945552825928e-01,-7.579481601715087891e-02,-7.845018804073333740e-02,2.271604835987091064e-01,-1.005187779664993286e-01,1.215836033225059509e-01,1.888099908828735352e-01,1.754478067159652710e-01,1.935184597969055176e-01,1.777441948652267456e-01,2.421724498271942139e-01,5.568122118711471558e-02,5.810949951410293579e-02,7.389111071825027466e-02
1.269194297492504120e-03,6.821652501821517944e-02,1.704154349863529205e-02,9.891545772552490234e-02,-1.220014840364456177e-01,-1.169697046279907227e-01,5.622020363807678223e-02,9.861416369676589966e-02,6.616932339966297150e-03,-7.234703283756971359e-03,5.543173104524612427e-02,4.461364820599555969e-02,-2.826728112995624542e-02,-7.613825052976608276e-02,-9.601294994354248047e-02,-8.473918586969375610e-02,6.736404448747634888e-02,2.251452952623367310e-02,-1.056702882051467896e-01,2.215611748397350311e-02,-1.044062525033950806e-01,1.258063712157309055e-03,7.395724207162857056e-02,-1.317756175994873047e-01,-4.786659032106399536e-02,3.073161700740456581e-03,-1.513162702322006226e-01,9.814307838678359985e-02,1.002315953373908997e-01,7.847163826227188110e-02,-8.716458082199096680e-02,-8.171882480382919312e-03,6.829266250133514404e-02,1.550624519586563110e-02,-1.335326433181762695e-01,-5.890643224120140076e-03,-5.506976693868637085e-02,8.846186846494674683e-02,-1.251245886087417603e-01,-7.463981211185455322e-02,1.690491219051182270e-03,-1.088186725974082947e-01,6.452324241399765015e-02,-6.384932994842529297e-02,5.459498241543769836e-02,-3.167069703340530396e-02,-1.051547378301620483e-02,1.034634411334991455e-01,-1.598199158906936646e-01,-1.327799856662750244e-01,-6.574580818414688110e-02,-1.545383632183074951e-01,-5.024933069944381714e-02,-2.680814638733863831e-02,-1.114378422498703003e-01,1.018776670098304749e-01,-6.526423245668411255e-02,-1.235455870628356934e-01,3.390891849994659424e-02,-8.056576363742351532e-03,4.278149455785751343e-02,6.915813684463500977e-02,-4.068474099040031433e-02,-9.017168730497360229e-02,-1.232180371880531311e-01,6.310851126909255981e-02,-2.734243869781494141e-02,-5.234231054782867432e-02,1.000611484050750732e-01,-2.715381793677806854e-02,-1.345550566911697388e-01,-3.843589127063751221e-02,8.681263029575347900e-02,-3.936895728111267090e-02,-3.538631647825241089e-02,4.439890757203102112e-02,-8.630795031785964966e-02,-5.796673893928527832e-02,-1.292278170585632324e-01,-9.563191980123519897e-02,-6.892551667988300323e-03,-9.483624249696731567e-02,1.503336126916110516e-03,-5.583836883306503296e-02,4.782126843929290771e-02,-6.252080202102661133e-02,-1.073681488633155823e-01,-3.123997524380683899e-02,5.367249622941017151e-02,-9.784536808729171753e-02,3.078267537057399750e-02,8.332799188792705536e-05,9.518500417470932007e-02,-1.304700225591659546e-01,-5.950104817748069763e-02,-9.288603067398071289e-02,8.075501769781112671e-02,-1.062641218304634094e-01,2.897669794037938118e-03,1.957106590270996094e-02,-7.577035576105117798e-02,-9.875188022851943970e-02,-1.675775833427906036e-02,1.663088984787464142e-02,5.722818896174430847e-03,-7.684211432933807373e-02,-5.832732468843460083e-02,-9.461863338947296143e-02,-1.080894246697425842e-01,7.855550944805145264e-02,-2.345937490463256836e-02,9.350519627332687378e-02,9.705252200365066528e-02,-1.139118075370788574e-01,-4.850836098194122314e-02,7.496766000986099243e-02,-6.817927211523056030e-02,7.147631049156188965e-02,1.151440758258104324e-02,-9.497866034507751465e-02,6.898564752191305161e-03,-9.269481897354125977e-02,-1.054014340043067932e-01,-1.181046888232231140e-01,2.558875270187854767e-02,-1.475272178649902344e-01,4.292745515704154968e-02,-1.511852839030325413e-03,-5.939937382936477661e-02,-5.325945559889078140e-03,-1.465498507022857666e-01,-5.504471482709050179e-04,7.564226537942886353e-02,-2.510847151279449463e-02,5.943527817726135254e-02,-4.445689916610717773e-02,-7.219482213258743286e-02,6.768558174371719360e-02,-1.580940559506416321e-02,-8.744875341653823853e-02,-7.332655787467956543e-02,4.833398386836051941e-02,7.153422385454177856e-02,-1.407632976770401001e-01,1.592915505170822144e-02,1.042859852313995361e-01,8.359143137931823730e-02,-1.408391594886779785e-01,-7.904127985239028931e-02,-5.118270218372344971e-02,-7.816088944673538208e-02,-4.397219792008399963e-02,9.537459909915924072e-02,5.348196625709533691e-02,2.900566533207893372e-02,-5.967976525425910950e-02,8.626194298267364502e-02,-1.227883249521255493e-01,4.838616773486137390e-02,2.771122939884662628e-02,-1.093415394425392151e-01,-1.077283397316932678e-01,-1.310139447450637817e-01,-1.620501466095447540e-02,-1.201169565320014954e-01,-4.989719018340110779e-02,-4.327573813498020172e-03,-2.737308666110038757e-02,-5.682891607284545898e-02,-1.004128903150558472e-02,-1.225004941225051880e-01,2.686127088963985443e-02,1.512265112251043320e-02,-1.355484724044799805e-01,-9.009156376123428345e-02,-1.782704517245292664e-02,-4.674672707915306091e-02,-3.271219879388809204e-02,8.602861315011978149e-02,-2.584977075457572937e-02,-3.941877558827400208e-02,-6.912736594676971436e-02,5.877769738435745239e-02,-8.710360154509544373e-03,-1.228785142302513123e-01,2.412429265677928925e-02,2.919280435889959335e-03,3.905073553323745728e-02,-3.561280295252799988e-02,-5.633616074919700623e-02,-5.297468043863773346e-03,6.485159695148468018e-02,-7.687541842460632324e-02,8.827995508909225464e-02,-4.420791938900947571e-02,-1.539479196071624756e-01,-1.996976323425769806e-02,-5.583233758807182312e-02,-1.195706725120544434e-01,8.954012393951416016e-02,-1.446310877799987793e-01,1.121784076094627380e-01,1.188617572188377380e-02,4.626342654228210449e-02,1.390092540532350540e-02,-5.314019322395324707e-02,-9.691463410854339600e-02,-1.310338675975799561e-01,-1.521935760974884033e-01,-1.190771162509918213e-01,1.956935971975326538e-02,6.548258662223815918e-02,5.632184073328971863e-02,-6.863316893577575684e-02,2.263551764190196991e-02,-1.253030449151992798e-01,-5.440974235534667969e-02,-6.967848539352416992e-02,3.959183022379875183e-02,1.126366388052701950e-02,-6.610754877328872681e-02,-1.243964955210685730e-02,3.459815680980682373e-02,-4.739867895841598511e-02,8.887266367673873901e-02,-1.037296950817108154e-01,3.377687558531761169e-02,1.331041008234024048e-02,6.558072566986083984e-02,-5.114909633994102478e-02,-2.292559482157230377e-02,-8.101657032966613770e-03,-6.247344892472028732e-03,-5.165775865316390991e-02,-6.674721091985702515e-02,-8.607626706361770630e-02,3.527827933430671692e-02,5.887445062398910522e-02,7.873553782701492310e-02,-1.321081519126892090e-01,-1.273251175880432129e-01,5.043320707045495510e-04,-1.517817825078964233e-01,-7.519839704036712646e-02,-1.544646173715591431e-01,-8.956325054168701172e-02,5.551720783114433289e-02,6.396041065454483032e-02,-5.826852843165397644e-02,-1.361210793256759644e-01,1.080218330025672913e-01,-3.309355676174163818e-02,1.467887125909328461e-02,-1.211073473095893860e-01,-8.232765644788742065e-02,-6.451446563005447388e-03
-1.004638671875000000e-01,1.809440106153488159e-01,-1.029614508152008057e-01,-1.929923892021179199e-01,3.957637026906013489e-02,3.479508683085441589e-02,1.801557540893554688e-01,-1.465300768613815308e-01,1.387892812490463257e-01,-2.564405202865600586e-01,-2.160245329141616821e-01,1.094983369112014771e-01,1.188689172267913818e-01,-3.555653989315032959e-02,1.590913534164428711e-01,-6.734895706176757812e-02,-2.522701323032379150e-01,3.848696872591972351e-02,-5.545278638601303101e-02,-7.605388015508651733e-02,1.408074516803026199e-02,1.190564036369323730e-01,1.545447856187820435e-01,2.067364454269409180e-01,-3.048704005777835846e-02,-5.286780744791030884e-02,-1.753783375024795532e-01,1.032967269420623779e-01,-5.488251522183418274e-02,1.483343094587326050e-01,-9.173657000064849854e-02,2.992099709808826447e-02,-2.552572488784790039e-01,2.333622723817825317e-01,9.366951137781143188e-02,2.610082365572452545e-02,4.066599160432815552e-02,2.742264866828918457e-01,2.193989157676696777e-01,4.883022606372833252e-02,1.060041114687919617e-01,1.739462018013000488e-01,1.504807174205780029e-01,1.706991940736770630e-01,-2.076123803853988647e-01,1.560410410165786743e-01,1.103674620389938354e-01,4.946022480726242065e-02,-1.890000253915786743e-01,6.661093235015869141e-02,2.167575806379318237e-01,1.301155686378479004e-01,-6.003163009881973267e-02,-6.064264848828315735e-02,-1.513492502272129059e-02,1.035117805004119873e-01,-2.265084162354469299e-02,1.165927946567535400e-01,1.145394444465637207e-01,-1.142375357449054718e-02,-2.862128242850303650e-02,-6.642221659421920776e-02,-4.676152393221855164e-02,-3.662314713001251221e-01,-1.221138462424278259e-01,2.467230409383773804e-01,-2.326533347368240356e-01,-1.014795601367950439e-01,1.227167993783950806e-01,-2.087870687246322632e-01,4.812714178115129471e-03,-7.088334113359451294e-02,2.705436386168003082e-02,-5.863612517714500427e-02,-1.427916437387466431e-01,-1.560676246881484985e-01,1.661650985479354858e-01,2.323026210069656372e-02,-4.085221793502569199e-03,-2.174690924584865570e-02,-2.419803738594055176e-01,2.005292102694511414e-02,-1.037829276174306870e-02,-9.742353856563568115e-02,-7.563591003417968750e-02,-5.795458704233169556e-02,-9.657823294401168823e-02,-7.268998026847839355e-02,1.179182901978492737e-01,3.157458826899528503e-02,-1.365799307823181152e-01,3.730642795562744141e-02,8.359059691429138184e-02,1.087427977472543716e-02,-1.368453651666641235e-01,-1.035104915499687195e-01,2.576200067996978760e-01,4.334148764610290527e-02,1.467856317758560181e-01,2.857500314712524414e-01,7.954876869916915894e-02,3.581144660711288452e-02,6.334745883941650391e-02,1.633450202643871307e-02,-7.704502344131469727e-02,2.801870368421077728e-02,6.288460642099380493e-02,3.949014469981193542e-02,-2.378376424312591553e-01,2.932648956775665283e-01,1.703805476427078247e-01,-1.267850399017333984e-02,4.788913298398256302e-03,2.432381967082619667e-03,1.849465817213058472e-02,1.109784990549087524e-01,-4.839798435568809509e-02,4.104725085198879242e-03,-2.846035957336425781e-01,1.892558336257934570e-01,4.056382924318313599e-03,1.124091744422912598e-01,-3.893265873193740845e-02,-9.959919378161430359e-03,8.568160235881805420e-02,2.280442267656326294e-01,6.853315234184265137e-02,-1.023450940847396851e-01,-1.729483157396316528e-01,1.827598810195922852e-01,-2.281574010848999023e-01,-2.211859524250030518e-01,9.125510603189468384e-02,-9.376128762960433960e-02,-9.558361768722534180e-02,-1.907072812318801880e-01,-2.307620644569396973e-01,1.993693877011537552e-03,-1.411355435848236084e-01,1.667485833168029785e-01,2.264022082090377808e-01,2.108807116746902466e-02,6.183723919093608856e-03,-1.453355886042118073e-02,-1.489949040114879608e-02,1.691477186977863312e-02,2.322686761617660522e-01,-9.475948661565780640e-02,1.125292554497718811e-01,-1.433176994323730469e-01,-6.544551253318786621e-02,-2.308039069175720215e-01,-2.215501368045806885e-01,-8.535806089639663696e-02,-2.823673486709594727e-01,7.638088427484035492e-03,1.533035840839147568e-02,1.241788640618324280e-01,-1.122187823057174683e-01,-4.269474372267723083e-02,7.318366318941116333e-02,-1.448470074683427811e-02,6.511992961168289185e-02,1.040509343147277832e-01,-1.253004651516675949e-02,-4.244442097842693329e-03,-5.392332561314105988e-03,1.306450515985488892e-01,-3.266106545925140381e-02,-2.702102251350879669e-02,3.910471871495246887e-02,-2.347298711538314819e-01,-1.613522171974182129e-01,1.266286671161651611e-01,2.109420672059059143e-02,3.759773075580596924e-02,3.248234838247299194e-02,3.853182867169380188e-02,-2.285512164235115051e-03,-9.176924079656600952e-02,-1.619267314672470093e-01,-8.394148945808410645e-02,-1.256091296672821045e-01,-1.541527211666107178e-01,-3.222020715475082397e-02,-5.458140000700950623e-02,-3.829450532793998718e-02,-2.043556272983551025e-01,7.740125805139541626e-02,4.015170037746429443e-02,8.780574053525924683e-02,4.203065857291221619e-02,-4.264229163527488708e-02,6.062353029847145081e-02,2.997576817870140076e-02,-3.476742655038833618e-02,1.372804772108793259e-02,-5.001446232199668884e-02,-1.118086427450180054e-01,-1.617923192679882050e-02,-1.795550733804702759e-01,9.395242668688297272e-04,-6.346120685338973999e-02,4.526872187852859497e-02,1.184251531958580017e-01,-1.142283305525779724e-01,-2.363611310720443726e-01,1.366401091217994690e-02,-1.789370477199554443e-01,3.126640990376472473e-02,3.122180402278900146e-01,3.479196727275848389e-01,5.015176907181739807e-02,6.146235018968582153e-02,1.222125738859176636e-01,9.065996855497360229e-02,-3.476309180259704590e-01,-7.130184024572372437e-02,2.062583528459072113e-02,-1.590157896280288696e-01,-1.627708822488784790e-01,-3.729277104139328003e-02,6.085466593503952026e-02,4.201462119817733765e-02,1.856377124786376953e-01,-4.113717935979366302e-03,2.448772042989730835e-01,1.569623798131942749e-01,7.317797094583511353e-02,-4.684825986623764038e-02,-3.792439773678779602e-02,-1.077199471183121204e-03,3.188581019639968872e-02,-1.227442622184753418e-01,1.209615543484687805e-01,-2.483692020177841187e-01,1.272251158952713013e-01,1.675476133823394775e-02,-1.387988030910491943e-01,-1.417481452226638794e-01,3.236420080065727234e-02,1.122374683618545532e-01,-3.085889220237731934e-01,2.939164265990257263e-02,4.121945798397064209e-02,7.393560558557510376e-02,3.782809479162096977e-03,-1.379728615283966064e-01,-4.710537567734718323e-02,-8.597707003355026245e-02,5.465355515480041504e-02,-1.040029823780059814e-01,-4.348225891590118408e-02,-4.421532899141311646e-02,7.005609571933746338e-02,-7.004866749048233032e-02
-4.522364586591720581e-02,-1.785660982131958008e-01,-5.966284126043319702e-02,-1.380285918712615967e-01,-1.370968222618103027e-01,-2.846795320510864258e-01,-1.466060280799865723e-01,-4.041494727134704590e-01,-1.929470598697662354e-01,-4.581896960735321045e-02,-1.682267189025878906e-01,-4.197648167610168457e-02,2.946983575820922852e-01,-2.382945567369461060e-01,-1.362531632184982300e-01,-9.991773962974548340e-02,3.582611382007598877e-01,2.201767861843109131e-01,2.128577232360839844e-01,-4.299390688538551331e-02,1.259848177433013916e-01,4.075284302234649658e-02,-3.208774626255035400e-01,-2.322147637605667114e-01,-1.364479660987854004e-01,-2.087458968162536621e-02,-5.570736154913902283e-02,-1.041601002216339111e-01,-2.062990814447402954e-01,1.263572722673416138e-01,-2.398500591516494751e-02,2.798551879823207855e-02,-4.689041897654533386e-02,4.343743622303009033e-02,-9.341088123619556427e-03,1.387121826410293579e-01,-9.934141486883163452e-02,-1.467632502317428589e-01,-2.043776065111160278e-01,-1.457132697105407715e-01,-7.910224050283432007e-02,-8.683446794748306274e-02,-4.927922040224075317e-02,-5.473653599619865417e-02,1.068562492728233337e-01,4.080226644873619080e-02,-1.196358203887939453e-01,1.283894293010234833e-02,1.458895206451416016e-01,8.631712943315505981e-02,-2.539182007312774658e-01,1.630676090717315674e-01,3.528564572334289551e-01,-2.559147477149963379e-01,2.787972390651702881e-01,3.925033845007419586e-03,-1.619030721485614777e-02,-2.552227973937988281e-01,-7.024949043989181519e-02,2.065946161746978760e-01,-1.204320341348648071e-01,1.523577123880386353e-01,-7.787074148654937744e-02,1.186639070510864258e-01,-7.340034097433090210e-02,-1.641834974288940430e-01,-1.562928035855293274e-02,-3.488036617636680603e-02,-3.512244299054145813e-02,-2.070057094097137451e-01,8.775369264185428619e-03,-2.638712525367736816e-01,-1.784826815128326416e-01,-1.377710402011871338e-01,-7.100615184754133224e-03,7.524236291646957397e-02,-1.320072859525680542e-01,-5.895325168967247009e-02,-1.274762898683547974e-01,-9.587916731834411621e-02,2.054691165685653687e-01,-1.125880703330039978e-01,4.248059540987014771e-02,8.152822405099868774e-02,1.411227583885192871e-01,-6.359262764453887939e-02,-2.945737540721893311e-02,-2.689565718173980713e-01,5.396319180727005005e-02,-7.329511642456054688e-02,1.081603169441223145e-01,9.967790544033050537e-02,-2.055633664131164551e-01,-8.387123048305511475e-02,-1.136567071080207825e-01,6.501276791095733643e-02,3.598529845476150513e-02,7.949840277433395386e-02,1.087180525064468384e-01,1.650520116090774536e-01,5.929899960756301880e-02,1.144983321428298950e-01,1.607226207852363586e-02,-6.015181168913841248e-02,6.880829483270645142e-02,1.580583602190017700e-01,1.458607465028762817e-01,-1.625563204288482666e-02,3.827022016048431396e-02,-1.588076949119567871e-01,1.449539512395858765e-02,-6.832503527402877808e-02,-1.395309865474700928e-01,-7.168227434158325195e-02,-9.330395609140396118e-02,-1.114734485745429993e-01,4.256384447216987610e-02,-2.375379055738449097e-01,2.411577403545379639e-01,1.982783079147338867e-01,-3.015795908868312836e-02,5.249681323766708374e-02,-1.259851753711700439e-01,-2.463255524635314941e-01,1.693342477083206177e-01,-9.071782231330871582e-03,-2.082634717226028442e-01,-1.864251345396041870e-01,5.437123589217662811e-03,3.932754322886466980e-02,-1.269546598196029663e-01,-1.846288293600082397e-01,-5.846977233886718750e-02,1.671741344034671783e-02,-1.962392181158065796e-01,1.476111859083175659e-01,1.549991369247436523e-01,1.634328663349151611e-01,-1.866898834705352783e-01,-6.501134485006332397e-02,1.995135545730590820e-01,-1.084935069084167480e-01,2.664960362017154694e-02,9.120840579271316528e-02,1.190051361918449402e-01,3.073015622794628143e-02,2.740738093852996826e-01,-1.778450608253479004e-01,-2.081877589225769043e-01,-1.964583843946456909e-01,-8.076186478137969971e-02,-1.498106569051742554e-01,9.003844857215881348e-02,-2.739223279058933258e-02,1.497801244258880615e-01,7.487460225820541382e-02,-1.035094261169433594e-01,-2.295079231262207031e-01,6.850185990333557129e-02,8.653242886066436768e-02,8.312726020812988281e-02,1.098973751068115234e-01,2.576920688152313232e-01,6.483273208141326904e-02,-9.632311016321182251e-02,-1.020725518465042114e-01,-1.548163443803787231e-01,-1.420257836580276489e-01,-2.436693198978900909e-02,1.554263383150100708e-01,1.323104798793792725e-01,-1.341333091259002686e-01,-2.530490979552268982e-02,-8.897974155843257904e-03,-5.949676968157291412e-03,3.032341785728931427e-02,3.593476489186286926e-02,-4.181750118732452393e-02,-1.032924428582191467e-01,5.727232620120048523e-02,-3.092853724956512451e-01,-1.137390360236167908e-01,3.591145202517509460e-02,-7.029461208730936050e-03,1.230514608323574066e-02,1.883336603641510010e-01,8.798298239707946777e-02,-1.164638921618461609e-01,1.220355108380317688e-01,-2.129245698451995850e-01,5.613343790173530579e-02,-1.360995471477508545e-01,-1.435623019933700562e-01,-4.323817044496536255e-02,-1.404546052217483521e-01,-1.998189091682434082e-01,4.357197880744934082e-02,1.096974536776542664e-01,1.058137863874435425e-01,1.312905251979827881e-01,1.690725982189178467e-01,8.403314650058746338e-02,1.420049183070659637e-02,2.095136195421218872e-01,-3.866019546985626221e-01,2.349862828850746155e-02,1.160903871059417725e-01,-6.035957485437393188e-02,7.863267324864864349e-03,3.810789063572883606e-02,1.041300222277641296e-01,-3.000111691653728485e-02,8.530031144618988037e-02,1.535337511450052261e-02,1.369663234800100327e-02,7.370880246162414551e-02,-1.500905901193618774e-01,-3.963905200362205505e-02,-1.221436113119125366e-01,2.644850313663482666e-02,1.014426425099372864e-01,-5.156798753887414932e-03,1.963689923286437988e-01,-8.315683901309967041e-02,1.418730616569519043e-01,-1.255679726600646973e-01,3.005151152610778809e-01,-1.687205396592617035e-02,1.120363082736730576e-02,-9.436761587858200073e-02,-1.022860407829284668e-01,-1.880581825971603394e-01,-1.721791326999664307e-01,3.307331353425979614e-02,1.445110738277435303e-01,3.353608027100563049e-02,-3.142145276069641113e-02,7.552831619977951050e-02,1.292943507432937622e-01,-1.673370450735092163e-01,4.969554394483566284e-02,-3.633517771959304810e-02,-4.757218807935714722e-02,-3.695435822010040283e-02,-1.048230305314064026e-01,-1.038572168909013271e-03,-9.917819499969482422e-02,-8.531270921230316162e-02,-1.241740509867668152e-01,1.388218998908996582e-02,-3.047617524862289429e-02,-1.805680617690086365e-02,-1.967160776257514954e-02,-3.843098580837249756e-01,3.977951779961585999e-02,-3.641408309340476990e-02
